-40 -40 0 0 0 0 0
-39.82 -38.1111 2.19298 2.61751 1.32107 1.57681 1.66
-40.4883 -36.834 4.06769 -1.82356 0.937354 -2.22054 2
-41.002 -34.5242 5.78944 -1.85573 1.17929 -0.0220288 1.46
-42.0679 -33.2466 5.08661 -3.13787 -1.03358 -1.8855 0.68
-42.839 -30.5598 4.90474 -4.0392 -0.233158 -1.15556 0.78
-38.4808 -23.879 3.46821 -6.18952 -0.84502 -1.26489 1.7
-36.6983 -22.1769 4.37524 -4.90053 1.9718 2.80216 0.46
-37.0016 -16.9432 5.21105 -3.53209 0.652978 1.06909 1.28
-33.3933 -10.3077 3.38922 -6.10843 -1.01213 -1.4313 1.8
-32.1639 -9.70258 3.81751 -5.39827 1.78453 2.95898 0.24
-29.1692 -3.08615 4.74924 -5.67826 0.685097 -0.205878 1.36
-28.3814 0.837779 4.26369 -4.68507 -0.622503 1.27333 0.78
-24.9164 2.94074 3.06546 -3.75633 -1.17473 0.910529 1.02
-24.5332 2.92214 3.1203 -3.91743 0.548391 -1.61104 0.1
-23.2214 0.833951 0.435989 -0.63694 -1.91737 2.34321 1.4
-21.4676 -1.56077 -1.44639 3.93883 -0.990728 2.4083 1.9
-19.1336 -3.21614 1.51917 -0.52236 1.49776 -2.25313 1.98
-18.7507 -1.60952 1.28006 2.33806 -0.131379 1.57166 1.82
-16.8774 2.49158 1.01701 3.10968 -0.158468 0.464832 1.66
-15.6642 3.43124 0.330028 4.00392 -1.56131 2.03235 0.44
-13.2599 5.34117 1.04214 3.12362 0.809214 -1.00034 0.88
-9.7452 3.97099 -1.7139 3.57644 -1.74433 0.286597 1.58
-10.6846 2.103 -2.63931 0.188882 -0.811761 -2.97155 1.14
-9.06443 2.01085 -3.44454 -2.5087 -0.567064 -1.8997 1.42
-7.98521 1.91986 -2.99135 -2.04275 0.944149 0.970724 0.48
-6.12792 0.690504 -4.4959 -1.78812 -1.17543 0.19893 1.28
-6.7477 -2.12987 -5.33705 -2.12552 -0.553389 -0.221975 1.52
-7.34542 -3.40738 -8.25705 2.32036 -1.80247 2.74437 1.62
-7.07026 -6.92497 -7.31849 2.69469 0.642846 0.256387 1.46
-6.99022 -8.47643 -8.27603 2.87247 -1.65092 0.306515 0.58
-7.3142 -9.38423 -8.11366 2.48829 0.451021 -1.06716 0.36
-8.53077 -10.5724 -9.15177 3.07124 -1.62206 0.910861 0.64
-10.146 -9.07047 -11.46 1.60583 -1.95609 -1.24187 1.18
-10.0989 -8.98831 -11.5732 1.55316 -1.88682 -0.877912 0.06
-9.13683 -8.287 -12.6784 -0.0144263 -0.690751 -0.97974 1.6
-8.67807 -9.05867 -14.0528 2.26613 -1.63622 2.71494 0.84
-10.6243 -11.4266 -15.5155 3.14298 -1.1796 0.707144 1.24
-12.1611 -18.251 -13.4466 6.24519 1.16232 1.74281 1.78
-8.0046 -20.8804 -12.7697 4.19711 0.705125 -2.13341 0.96
-8.52161 -25.3437 -15.9187 3.14117 -1.6401 -0.549969 1.92
-9.53637 -25.2002 -16.1134 -2.12906 -0.0973741 -2.63511 2
-8.14507 -25.5823 -15.8586 -3.43505 0.489997 -2.51152 0.52
-5.46969 -26.3258 -16.0854 -4.99719 -0.343628 -2.36689 0.66
-3.45146 -27.5949 -16.4693 -3.88715 -0.710945 2.05563 0.54
-1.43216 -29.7764 -16.5891 -5.12613 -0.181522 -1.87725 0.66
-0.280418 -30.9244 -16.3979 -5.73153 0.637288 -2.018 0.3
12.2112 -35.7349 -15.7997 -9.19579 0.328676 -1.90344 1.82
23.1244 -33.4916 -15.2276 -10.9728 0.510811 -1.58661 1.12
25.7737 -31.3708 -14.8345 -10.3741 1.22852 1.87107 0.32
29.9844 -27.6328 -15.1359 -9.11519 -0.519676 2.17045 0.58
27.4176 -19.453 -12.4089 -7.21773 1.86781 1.29964 1.46
19.6117 -16.9753 -13.4005 -4.96947 -0.708306 1.60589 1.4
13.062 -7.67088 -13.6312 -7.56173 -0.126717 -1.42431 1.82
8.29611 -0.331206 -13.4751 -3.9644 0.10266 2.36666 1.52
8.24404 4.56531 -14.7821 -3.89156 -0.975366 0.054359 1.34
9.02568 6.66777 -14.1922 -3.44995 0.951456 0.712275 0.62
8.96844 11.9692 -14.0644 -4.12907 0.0913222 -0.485087 1.4
11.2767 15.4477 -15.3254 -5.36646 -1.34156 -1.31637 0.94
13.753 16.2675 -15.4505 -5.50951 -0.260663 -0.298031 0.48
15.4018 16.6637 -15.4943 -5.08988 -0.136755 1.31134 0.32
18.4534 16.5902 -16.0078 -3.24979 -0.693858 2.48662 0.74
19.4522 16.4721 -15.632 -2.70152 1.10513 1.61256 0.34
20.8446 16.4814 -15.7709 -2.65826 -0.267048 0.0831851 0.52
22.0715 16.2318 -16.0367 -3.32114 -0.632943 -1.57829 0.42
23.8958 16.7449 -14.4266 -0.518412 1.49083 2.59512 1.08
23.9259 16.8371 -14.4791 -0.559619 -0.291821 -0.228926 0.18
23.838 16.8622 -15.5712 0.726463 -1.65458 1.94861 0.66
22.1906 17.5599 -16.4542 3.36245 -0.981204 2.92888 0.9
20.9677 21.0741 -17.3823 4.67233 -0.966761 1.36445 0.96
20.6602 23.4175 -16.9233 5.26223 0.956244 1.22897 0.48
20.319 24.5159 -17.032 5.19904 -0.494075 -0.287251 0.22
20.2266 26.5447 -17.43 5.56056 -1.04724 0.951377 0.38
22.9621 29.7564 -18.53 5.82202 -1.41022 0.335209 0.78
25.2419 31.2713 -18.0091 6.76127 1.18375 2.13465 0.44
32.1546 37.9168 -18.1513 9.23369 -0.118495 2.06035 1.2
33.1526 38.7253 -18.1861 9.11531 -0.248916 -0.845621 0.14
43.2484 38.0543 -19.8206 4.82975 -1.00895 -2.6454 1.62
