-40 -40 0 0 0 0 0
-39.9908 -39.998 0.314155 0.117827 1.96347 0.736419 0.16
-39.9885 -39.9973 0.296691 0.00121617 -0.436592 -2.91527 0.04
-39.9542 -39.9937 0.0101683 0.431888 -1.79077 2.6917 0.16
-39.8351 -40.0142 -0.31217 0.916395 -1.79077 2.6917 0.18
-39.7793 -40.0356 -0.419616 1.0779 -1.79077 2.6917 0.06
-39.6286 -40.1282 -0.670324 1.45473 -1.79077 2.6917 0.14
-39.4254 -40.3545 -0.992662 1.93924 -1.79077 2.6917 0.18
-39.3462 -40.4977 -1.13592 2.15458 -1.79077 2.6917 0.08
-39.2692 -40.713 -1.315 2.42375 -1.79077 2.6917 0.1
-39.0858 -41.1384 -1.01843 2.74287 1.6476 1.77288 0.18
-38.7022 -41.5753 -0.68891 3.09744 1.6476 1.77288 0.2
-38.4406 -41.7565 -0.52415 3.27473 1.6476 1.77288 0.1
-38.1368 -41.8999 -0.35939 3.45202 1.6476 1.77288 0.1
-37.9365 -41.964 -0.260533 3.55839 1.6476 1.77288 0.06
-37.3897 -42.0425 -0.0224451 3.36318 1.48805 -1.2201 0.16
-37.1903 -42.0381 0.066838 3.28997 1.48805 -1.2201 0.06
-36.6308 -41.9252 0.334687 3.07035 1.48805 -1.2201 0.18
-36.0652 -41.6192 0.662059 2.80193 1.48805 -1.2201 0.22
-35.6679 -41.1908 0.98943 2.53351 1.48805 -1.2201 0.22
-35.4532 -40.7111 1.3168 2.26508 1.48805 -1.2201 0.22
-35.4254 -40.5804 1.40608 2.19188 1.48805 -1.2201 0.06
-35.4131 -40.207 1.67393 1.97226 1.48805 -1.2201 0.18
-35.5177 -39.8182 2.00131 1.70384 1.48805 -1.2201 0.22
-35.7088 -39.5325 2.32868 1.43541 1.48805 -1.2201 0.22
-35.7488 -39.4926 2.3882 1.38661 1.48805 -1.2201 0.04
-35.7871 -39.4556 2.35846 1.28031 -0.743419 -2.65754 0.04
-35.8371 -39.4037 2.31386 1.12085 -0.743419 -2.65754 0.06
-35.9773 -39.215 2.01649 0.0578372 -0.743419 -2.65754 0.4
-35.9776 -39.2144 2.00162 0.00468635 -0.743419 -2.65754 0.02
-35.9292 -39.419 1.70425 -1.05833 -0.743419 -2.65754 0.4
-35.9265 -39.4405 1.68939 -1.11148 -0.743419 -2.65754 0.02
-35.9241 -39.4624 1.66482 -1.08624 -1.22827 1.26227 0.02
-36.0345 -40.8638 1.34731 -1.85452 -0.330742 -0.80029 0.96
-36.0429 -40.9001 1.34069 -1.87052 -0.330742 -0.80029 0.02
-36.157 -41.1832 1.03658 -1.95957 -1.90069 -0.556569 0.16
-36.3908 -41.4569 0.694458 -2.05975 -1.90069 -0.556569 0.18
-36.7184 -41.6454 0.352333 -2.15994 -1.90069 -0.556569 0.18
-36.8009 -41.6722 0.276306 -2.1822 -1.90069 -0.556569 0.04
-37.1078 -41.7162 0.0102088 -2.26012 -1.90069 -0.556569 0.14
-37.5162 -41.6495 -0.331916 -2.3603 -1.90069 -0.556569 0.18
-37.8553 -41.4708 -0.636026 -2.44935 -1.90069 -0.556569 0.16
-37.8943 -41.4409 -0.67404 -2.46048 -1.90069 -0.556569 0.02
-38.1646 -41.1471 -0.978151 -2.54954 -1.90069 -0.556569 0.16
-38.3547 -40.722 -1.32028 -2.64972 -1.90069 -0.556569 0.18
-38.3926 -40.2399 -1.6624 -2.7499 -1.90069 -0.556569 0.18
-38.2618 -39.7557 -2.00452 -2.85008 -1.90069 -0.556569 0.18
-38.1168 -39.5076 -2.19459 -2.90574 -1.90069 -0.556569 0.1
-37.9471 -39.2276 -2.03364 -2.55645 1.3413 2.91073 0.12
-37.9251 -39.1821 -2.00681 -2.49824 1.3413 2.91073 0.02
-37.84 -38.963 -1.87268 -2.20716 1.3413 2.91073 0.1
-37.7795 -38.8022 -1.98974 -2.08986 -1.46327 1.46625 0.08
-37.5256 -38.4222 -2.34093 -1.73796 -1.46327 1.46625 0.24
-37.2496 -38.2145 -2.66285 -1.41539 -1.46327 1.46625 0.22
-36.9893 -38.1269 -2.98477 -1.09281 -1.46327 1.46625 0.22
-36.9679 -38.1238 -3.01403 -1.06349 -1.46327 1.46625 0.02
-36.7396 -38.1354 -3.35181 -1.48934 -1.87651 -2.36584 0.18
-36.7101 -38.1423 -3.38934 -1.53666 -1.87651 -2.36584 0.02
-36.6805 -38.1494 -3.36736 -1.50254 1.09877 1.70606 0.02
-36.0276 -38.2504 -3.231 -2.1706 0.378771 -1.85572 0.36
-34.5877 -38.2227 -3.02647 -3.17268 0.378771 -1.85572 0.54
-34.5243 -38.2151 -3.01889 -3.2098 0.378771 -1.85572 0.02
-34.0318 -38.2319 -3.33648 -2.97686 -1.98492 1.45587 0.16
-33.5569 -38.4165 -3.69376 -2.7148 -1.98492 1.45587 0.18
-33.2425 -38.686 -4.01135 -2.48187 -1.98492 1.45587 0.16
-33.0472 -39.0083 -4.32894 -2.24893 -1.98492 1.45587 0.16
-33.0173 -39.0918 -4.40833 -2.19069 -1.98492 1.45587 0.04
-32.9617 -39.4313 -4.69362 -2.12322 -1.78305 0.421702 0.16
-33.0142 -39.8013 -5.01457 -2.04731 -1.78305 0.421702 0.18
-33.1981 -40.1553 -5.37118 -1.96297 -1.78305 0.421702 0.2
-33.4499 -40.3911 -5.69213 -1.88707 -1.78305 0.421702 0.18
-33.7509 -40.5298 -6.01308 -1.81116 -1.78305 0.421702 0.18
-34.1013 -40.5625 -6.36968 -1.72682 -1.78305 0.421702 0.2
-34.3949 -40.4889 -6.69063 -1.65091 -1.78305 0.421702 0.18
-34.6619 -40.3124 -7.04724 -1.56657 -1.78305 0.421702 0.2
-34.8272 -40.0939 -7.36819 -1.49067 -1.78305 0.421702 0.18
-34.9149 -39.8194 -7.7248 -1.40633 -1.78305 0.421702 0.2
-34.9212 -39.736 -7.83178 -1.38103 -1.78305 0.421702 0.06
-34.9294 -39.6164 -7.74243 -1.61753 1.11695 -2.95636 0.08
-35.0022 -39.2858 -7.54138 -2.14968 1.11695 -2.95636 0.18
-35.106 -39.0269 -7.40734 -2.50444 1.11695 -2.95636 0.12
-35.5276 -38.4084 -7.11694 -3.2731 1.11695 -2.95636 0.26
-35.6194 -38.3118 -7.07226 -3.39135 1.11695 -2.95636 0.04
-35.8824 -38.0752 -6.96057 -3.68699 1.11695 -2.95636 0.1
-36.5546 -37.651 -6.73718 -4.27826 1.11695 -2.95636 0.2
-36.6324 -37.6141 -6.71484 -4.33739 1.11695 -2.95636 0.02
-37.8361 -37.1091 -6.64617 -4.36632 0.228891 -0.0964509 0.3
-37.9178 -37.0782 -6.64159 -4.36825 0.228891 -0.0964509 0.02
-38.0818 -37.0177 -6.63244 -4.37211 0.228891 -0.0964509 0.04
-38.3274 -36.9174 -6.70844 -4.47443 -1.26673 -1.70528 0.06
-39.3357 -36.2386 -7.03779 -4.9178 -1.26673 -1.70528 0.26
-40.1399 -35.179 -7.36714 -5.36117 -1.26673 -1.70528 0.26
-40.2359 -34.9858 -7.41781 -5.42939 -1.26673 -1.70528 0.04
-40.4826 -34.156 -7.71215 -5.43054 -1.83965 -0.00722601 0.16
-40.4595 -33.1831 -8.04329 -5.43184 -1.83965 -0.00722601 0.18
-40.309 -32.662 -8.22726 -5.43257 -1.83965 -0.00722601 0.1
-40.1213 -32.2704 -8.37443 -5.43314 -1.83965 -0.00722601 0.08
-39.5045 -31.517 -8.70557 -5.43444 -1.83965 -0.00722601 0.18
-38.6762 -31.005 -9.0367 -5.43575 -1.83965 -0.00722601 0.18
-37.9426 -30.8104 -9.29425 -5.43676 -1.83965 -0.00722601 0.14
-37.6174 -30.7858 -9.40463 -5.43719 -1.83965 -0.00722601 0.06
-36.4126 -30.5618 -9.08028 -5.75263 1.47432 -1.43382 0.22
-35.2816 -29.9319 -8.75593 -6.06807 1.47432 -1.43382 0.22
-34.2954 -28.8152 -8.40209 -6.41219 1.47432 -1.43382 0.24
-34.0524 -28.3586 -8.28415 -6.52689 1.47432 -1.43382 0.08
-33.7554 -27.4813 -8.07774 -6.72763 1.47432 -1.43382 0.14
-33.7033 -27.2162 -8.01877 -6.78498 1.47432 -1.43382 0.04
-33.6791 -27.0831 -8.04825 -6.74087 -1.47406 2.20549 0.02
-33.546 -26.5681 -8.16618 -6.56443 -1.47406 2.20549 0.08
-33.504 -26.4442 -8.19566 -6.52032 -1.47406 2.20549 0.02
-33.246 -25.5394 -8.06909 -6.93019 0.904056 -2.92764 0.14
-33.0634 -23.8048 -7.85212 -7.63283 0.904056 -2.92764 0.24
-33.1163 -22.8698 -7.74363 -7.98414 0.904056 -2.92764 0.12
-33.1827 -22.3901 -7.68939 -8.1598 0.904056 -2.92764 0.06
-33.2581 -21.9011 -7.71271 -8.33067 -0.388668 -2.84778 0.06
-33.281 -21.7355 -7.72048 -8.38762 -0.388668 -2.84778 0.02
-33.4734 -20.7295 -7.61015 -8.69256 0.919389 -2.54113 0.12
-34.1417 -18.8758 -7.40789 -9.25161 0.919389 -2.54113 0.22
-35.2326 -17.0892 -7.20562 -9.81066 0.919389 -2.54113 0.22
-35.8684 -16.3259 -7.11368 -10.0648 0.919389 -2.54113 0.1
-36.2911 -15.8883 -7.05852 -10.2172 0.919389 -2.54113 0.06
-37.5219 -14.2341 -7.36873 -10.4846 -1.55107 -1.33674 0.2
-37.8678 -13.4659 -7.49282 -10.5915 -1.55107 -1.33674 0.08
-38.2405 -12.0202 -7.70997 -10.7787 -1.55107 -1.33674 0.14
-38.3123 -10.9391 -7.86507 -10.9123 -1.55107 -1.33674 0.1
-38.175 -9.62905 -8.0512 -11.0728 -1.55107 -1.33674 0.12
-37.9469 -8.76927 -8.17529 -11.1797 -1.55107 -1.33674 0.08
-37.6462 -7.93597 -8.22551 -10.9701 -0.627799 2.61949 0.08
-36.4397 -5.45291 -8.38874 -10.2891 -0.627799 2.61949 0.26
-35.5501 -4.1086 -8.48919 -9.86995 -0.627799 2.61949 0.16
-33.122 -1.51465 -8.72775 -8.87454 -0.627799 2.61949 0.38
-32.8486 -1.29153 -8.75286 -8.76976 -0.627799 2.61949 0.04
-32.573 -1.07792 -8.77797 -8.66498 -0.627799 2.61949 0.04
-32.4369 -0.971195 -8.74183 -8.63432 1.80718 1.53307 0.02
-31.6151 -0.109748 -8.48883 -8.41969 1.80718 1.53307 0.14
-31.426 0.16738 -8.41654 -8.35837 1.80718 1.53307 0.04
-30.8512 1.52377 -8.09124 -8.08241 1.80718 1.53307 0.18
-30.7602 3.09835 -7.72981 -7.7758 1.80718 1.53307 0.2
-30.8805 3.70313 -7.58523 -7.65315 1.80718 1.53307 0.08
-31.1461 4.41157 -7.40452 -7.49984 1.80718 1.53307 0.1
-31.8037 5.38684 -7.11537 -7.25455 1.80718 1.53307 0.16
-31.9031 5.49211 -7.07922 -7.22389 1.80718 1.53307 0.02
-32.0054 5.59434 -7.05737 -7.23813 1.09275 -0.711756 0.02
-32.4383 5.98206 -6.96995 -7.29507 1.09275 -0.711756 0.08
-33.8041 6.85004 -6.72954 -7.45165 1.09275 -0.711756 0.22
-35.6695 7.43469 -6.44543 -7.63671 1.09275 -0.711756 0.26
-35.9725 7.47751 -6.40172 -7.66518 1.09275 -0.711756 0.04
-37.7922 7.8569 -6.57507 -7.84477 -0.722279 -0.748319 0.24
-39.2709 8.42081 -6.71952 -7.99444 -0.722279 -0.748319 0.2
-42.3494 10.5434 -7.05177 -8.33867 -0.722279 -0.748319 0.46
-42.5863 10.7791 -7.08066 -8.3686 -0.722279 -0.748319 0.04
-43.2746 11.6933 -7.33839 -8.02464 -1.84094 2.45683 0.14
-43.3509 11.8339 -7.37521 -7.97551 -1.84094 2.45683 0.02
-43.689 12.7083 -7.59613 -7.68069 -1.84094 2.45683 0.12
-43.7809 13.1551 -7.70658 -7.53328 -1.84094 2.45683 0.06
-43.7378 14.9664 -8.04813 -7.63864 -1.42313 -0.439023 0.24
-43.3662 16.1339 -8.27583 -7.70889 -1.42313 -0.439023 0.16
-43.3011 16.2737 -8.3043 -7.71767 -1.42313 -0.439023 0.02
-43.0816 16.6822 -8.38968 -7.74401 -1.42313 -0.439023 0.06
-41.8722 18.0981 -8.73124 -7.84937 -1.42313 -0.439023 0.24
-40.3851 18.9828 -9.04432 -7.94596 -1.42313 -0.439023 0.22
-38.5164 19.3798 -9.38587 -8.05132 -1.42313 -0.439023 0.24
-38.0327 19.3779 -9.47126 -8.07766 -1.42313 -0.439023 0.06
-37.8711 19.3733 -9.4353 -8.08911 1.79825 -0.572154 0.02
-36.2739 19.647 -9.07565 -8.20354 1.79825 -0.572154 0.2
-34.9837 20.371 -8.75196 -8.30653 1.79825 -0.572154 0.18
-33.9783 21.4813 -8.42828 -8.40951 1.79825 -0.572154 0.18
-33.8895 21.6242 -8.39231 -8.42096 1.79825 -0.572154 0.02
-33.3317 23.0365 -8.06863 -8.52394 1.79825 -0.572154 0.18
-33.2511 24.5712 -7.74494 -8.62693 1.79825 -0.572154 0.18
-33.6677 26.0697 -7.42126 -8.72992 1.79825 -0.572154 0.18
-34.3169 27.108 -7.1695 -8.81002 1.79825 -0.572154 0.14
-34.6733 27.4994 -7.06161 -8.84435 1.79825 -0.572154 0.06
-35.9743 28.4209 -6.73792 -8.94734 1.79825 -0.572154 0.18
-37.5185 28.8861 -6.41424 -9.05033 1.79825 -0.572154 0.18
-37.8792 28.9205 -6.34231 -9.07321 1.79825 -0.572154 0.04
-38.0601 28.9338 -6.37062 -9.061 -1.41585 0.610622 0.02
-40.1363 29.4792 -6.71043 -8.91445 -1.41585 0.610622 0.24
-41.8831 30.6657 -7.05023 -8.7679 -1.41585 0.610622 0.24
-42.1283 30.9158 -7.10687 -8.74348 -1.41585 0.610622 0.04
-43.1138 32.3384 -7.39004 -8.62135 -1.41585 0.610622 0.2
-43.1887 32.4936 -7.41835 -8.60914 -1.41585 0.610622 0.02
-43.325 32.8093 -7.47499 -8.58472 -1.41585 0.610622 0.04
-43.3862 32.9695 -7.50331 -8.5725 -1.41585 0.610622 0.02
-43.6324 33.9534 -7.71506 -8.3631 -1.76462 1.74502 0.12
-43.6046 35.4241 -8.03269 -8.049 -1.76462 1.74502 0.18
-43.3379 36.3375 -8.24445 -7.83959 -1.76462 1.74502 0.12
-43.0617 36.8937 -8.38562 -7.69999 -1.76462 1.74502 0.08
-42.9815 37.0248 -8.42091 -7.66509 -1.76462 1.74502 0.02
-42.2018 37.937 -8.70325 -7.38589 -1.76462 1.74502 0.16
-42.0895 38.0324 -8.73854 -7.35099 -1.76462 1.74502 0.02
-40.976 38.6827 -9.05617 -7.03688 -1.76462 1.74502 0.18
-39.7701 38.941 -9.3738 -6.72278 -1.76462 1.74502 0.18
-39.2385 38.9307 -9.51497 -6.58318 -1.76462 1.74502 0.08
-38.4773 38.7799 -9.72673 -6.37377 -1.76462 1.74502 0.12
-38.0079 38.5967 -9.8679 -6.23417 -1.76462 1.74502 0.08
-37.3814 38.2139 -10.0797 -6.02477 -1.76462 1.74502 0.12
-37.1966 38.0614 -10.1502 -5.95497 -1.76462 1.74502 0.04
-36.2964 37.1949 -10.2307 -6.54329 -0.402089 -2.9416 0.2
-34.6756 35.2341 -10.3754 -7.60226 -0.402089 -2.9416 0.36
-34.2381 34.5945 -10.4156 -7.89642 -0.402089 -2.9416 0.1
-33.1563 32.7348 -10.5202 -8.66124 -0.402089 -2.9416 0.26
-33.0773 32.58 -10.5282 -8.72007 -0.402089 -2.9416 0.02
-32.508 31.1301 -10.715 -8.6117 -1.0376 0.602039 0.18
-32.4621 30.9643 -10.7357 -8.59966 -1.0376 0.602039 0.02
-32.2066 28.2678 -11.0678 -8.40701 -1.0376 0.602039 0.32
-32.341 27.273 -11.1923 -8.33476 -1.0376 0.602039 0.12
-32.4978 26.6271 -11.2753 -8.2866 -1.0376 0.602039 0.08
-32.8956 25.5446 -11.4205 -8.20231 -1.0376 0.602039 0.14
-34.3329 23.3996 -11.7526 -8.00966 -1.0376 0.602039 0.32
-36.3418 21.8772 -12.0846 -7.81701 -1.0376 0.602039 0.32
-36.481 21.8063 -12.1054 -7.80497 -1.0376 0.602039 0.02
-37.0487 21.5598 -12.2084 -7.67428 -1.28762 1.63358 0.08
-37.7749 21.34 -12.3371 -7.51092 -1.28762 1.63358 0.1
-38.2144 21.2551 -12.4144 -7.41291 -1.28762 1.63358 0.06
-40.0777 21.2808 -12.7492 -6.98818 -1.28762 1.63358 0.26
-41.3737 21.6967 -13.0067 -6.66147 -1.28762 1.63358 0.2
-41.7258 21.8795 -13.0839 -6.56345 -1.28762 1.63358 0.06
-41.9494 22.0166 -13.149 -6.55357 -1.62682 0.246924 0.04
-42.7381 22.6982 -13.4093 -6.51407 -1.62682 0.246924 0.16
-43.3214 23.5546 -13.6696 -6.47456 -1.62682 0.246924 0.16
-43.4791 23.909 -13.7672 -6.45974 -1.62682 0.246924 0.06
-43.743 25.1628 -14.0926 -6.41036 -1.62682 0.246924 0.2
-43.5935 26.4255 -14.4179 -6.36097 -1.62682 0.246924 0.2
-43.3689 27.0186 -14.5806 -6.33628 -1.62682 0.246924 0.1
-43.3127 27.1321 -14.6131 -6.33134 -1.62682 0.246924 0.02
-42.1649 28.9735 -14.7755 -6.44663 -0.477535 -0.33909 0.34
-40.8951 30.4503 -14.9188 -6.54836 -0.477535 -0.33909 0.3
-38.7519 32.2139 -15.1193 -6.69078 -0.477535 -0.33909 0.42
-38.1853 32.5729 -15.1671 -6.72469 -0.477535 -0.33909 0.1
-37.9532 32.7093 -15.1862 -6.73825 -0.477535 -0.33909 0.04
-37.724 32.8486 -15.1374 -6.67495 1.22031 1.58242 0.04
-37.3975 33.0754 -15.0642 -6.58001 1.22031 1.58242 0.06
-37.2909 33.1524 -15.1006 -6.56813 -1.81949 0.593706 0.02
-37.1818 33.2253 -15.1369 -6.55626 -1.81949 0.593706 0.02
-36.2367 33.654 -15.4281 -6.46127 -1.81949 0.593706 0.16
-34.9696 33.7792 -15.792 -6.34253 -1.81949 0.593706 0.2
-33.8769 33.5034 -16.1195 -6.23566 -1.81949 0.593706 0.18
-32.9471 32.9011 -16.447 -6.12879 -1.81949 0.593706 0.18
-32.69 32.6399 -16.5561 -6.09317 -1.81949 0.593706 0.06
-32.5339 32.4555 -16.596 -5.99078 -0.997724 2.55981 0.04
-31.9021 31.5005 -16.7956 -5.47882 -0.997724 2.55981 0.2
-31.3678 29.8796 -17.1348 -4.60848 -0.997724 2.55981 0.34
-31.3302 29.5212 -17.2146 -4.4037 -0.997724 2.55981 0.08
-31.3818 28.5417 -17.4541 -3.78934 -0.997724 2.55981 0.24
-31.5718 27.8623 -17.6536 -3.27738 -0.997724 2.55981 0.2
-31.7578 27.4708 -17.7933 -2.91901 -0.997724 2.55981 0.14
-31.9376 27.1922 -17.913 -2.61183 -0.997724 2.55981 0.12
-32.189 26.9009 -18.0727 -2.20226 -0.997724 2.55981 0.16
-32.2825 26.8142 -18.1325 -2.04867 -0.997724 2.55981 0.06
-32.4903 26.6588 -18.2879 -1.66146 -1.10975 2.7658 0.14
-32.6947 26.5531 -18.4655 -1.21893 -1.10975 2.7658 0.16
-32.7382 26.5366 -18.5099 -1.1083 -1.10975 2.7658 0.04
-32.8879 26.4985 -18.7096 -0.610457 -1.10975 2.7658 0.18
-32.9315 26.4943 -18.8041 -0.485484 -1.18076 1.56216 0.08
-33.0057 26.4999 -19.1347 -0.0480782 -1.18076 1.56216 0.28
-33.0063 26.5001 -19.1583 -0.0168349 -1.18076 1.56216 0.02
-32.9644 26.4762 -19.4653 0.389328 -1.18076 1.56216 0.26
-32.8367 26.3407 -19.8195 0.857977 -1.18076 1.56216 0.3
-32.7701 26.2229 -19.9848 1.07668 -1.18076 1.56216 0.14
-32.7131 26.0672 -20.1501 1.29538 -1.18076 1.56216 0.14
-32.6944 25.9888 -20.221 1.38911 -1.18076 1.56216 0.06
-32.6817 25.934 -20.1623 1.42768 1.46699 0.964068 0.04
-32.5437 25.6277 -19.8396 1.63977 1.46699 0.964068 0.22
-32.5057 25.5733 -19.7809 1.67833 1.46699 0.964068 0.04
-32.2843 25.3467 -19.5168 1.85186 1.46699 0.964068 0.18
-31.8693 25.1265 -19.1648 2.08324 1.46699 0.964068 0.24
-31.6625 25.0756 -19.0181 2.17965 1.46699 0.964068 0.1
-31.3952 25.0542 -18.842 2.29534 1.46699 0.964068 0.12
-30.8295 25.1609 -18.4899 2.52671 1.46699 0.964068 0.24
-30.33 25.4491 -18.1672 2.73881 1.46699 0.964068 0.22
-30.2878 25.4843 -18.1379 2.75809 1.46699 0.964068 0.02
-29.8517 25.9554 -17.9046 2.19173 0.897097 -2.1783 0.26
-29.7372 26.1294 -17.8149 1.9739 0.897097 -2.1783 0.1
-29.6272 26.3054 -17.8592 2.17663 -0.443329 2.02727 0.1
-28.9421 27.1549 -18.0454 3.02808 -0.443329 2.02727 0.42
-28.5819 27.6259 -17.8085 2.37431 1.07709 -2.9717 0.22
-28.5164 27.7463 -17.7439 2.19601 1.07709 -2.9717 0.06
-28.3679 28.1607 -17.4853 1.4828 1.07709 -2.9717 0.24
-28.3453 28.3155 -17.3561 1.12619 1.07709 -2.9717 0.12
-28.3424 28.396 -17.2699 0.888456 1.07709 -2.9717 0.08
-28.3478 28.4701 -17.145 0.970109 1.56179 1.02067 0.08
-28.3693 28.5698 -16.9888 1.07218 1.56179 1.02067 0.1
-28.4204 28.6957 -16.8014 1.19466 1.56179 1.02067 0.12
-28.5741 28.9032 -16.489 1.39879 1.56179 1.02067 0.2
-28.8462 29.0914 -16.1454 1.62334 1.56179 1.02067 0.22
-28.876 29.1047 -16.1142 1.64375 1.56179 1.02067 0.02
-29.1412 29.2782 -16.4639 1.54091 -1.74839 -0.514198 0.2
-29.3053 29.49 -16.7786 1.44835 -1.74839 -0.514198 0.18
-29.3947 29.7532 -17.1283 1.34551 -1.74839 -0.514198 0.2
-29.3935 29.9861 -17.443 1.25296 -1.74839 -0.514198 0.18
-29.3146 30.2117 -17.7927 1.15012 -1.74839 -0.514198 0.2
-29.2511 30.3044 -17.9675 1.0987 -1.74839 -0.514198 0.1
-29.1761 30.3809 -18.1423 1.04728 -1.74839 -0.514198 0.1
-29.0233 30.475 -18.4571 0.954724 -1.74839 -0.514198 0.18
-28.848 30.5144 -18.8067 0.851885 -1.74839 -0.514198 0.2
-28.7044 30.4984 -19.1214 0.759329 -1.74839 -0.514198 0.18
-28.69 30.4941 -19.1564 0.749045 -1.74839 -0.514198 0.02
-28.5672 30.4339 -19.4624 0.623934 -1.53006 -0.625554 0.2
-28.4802 30.349 -19.799 0.486312 -1.53006 -0.625554 0.22
-28.4395 30.2671 -20.1356 0.34869 -1.53006 -0.625554 0.22
-28.4315 30.2064 -20.4723 0.211068 -1.53006 -0.625554 0.22
-28.4318 30.2023 -20.5029 0.198557 -1.53006 -0.625554 0.02
-28.4346 30.1851 -20.7182 0.0186701 -1.34566 -1.1243 0.16
-28.4338 30.1871 -20.8258 -0.0712736 -1.34566 -1.1243 0.08
-28.4058 30.2277 -21.1488 -0.341105 -1.34566 -1.1243 0.24
-28.3058 30.3036 -21.4949 -0.709899 -1.44233 -1.53664 0.24
-28.1235 30.3655 -21.8123 -1.04796 -1.44233 -1.53664 0.22
-28.1025 30.369 -21.8411 -1.07869 -1.44233 -1.53664 0.02
-27.8292 30.3647 -22.1584 -1.41676 -1.44233 -1.53664 0.22
-27.4696 30.2346 -22.5046 -1.78555 -1.44233 -1.53664 0.24
-27.1358 29.9665 -22.8219 -2.12361 -1.44233 -1.53664 0.22
-27.1074 29.9345 -22.8507 -2.15434 -1.44233 -1.53664 0.02
-26.8944 29.5849 -23.184 -1.95813 -1.66612 0.981055 0.2
-26.8156 29.2231 -23.5172 -1.76192 -1.66612 0.981055 0.2
-26.8548 28.8942 -23.8504 -1.56571 -1.66612 0.981055 0.2
-26.9822 28.6313 -24.1836 -1.3695 -1.66612 0.981055 0.2
-27.0676 28.5308 -24.3502 -1.2714 -1.66612 0.981055 0.1
-27.161 28.4521 -24.5169 -1.17329 -1.66612 0.981055 0.1
-27.2383 28.4047 -24.6501 -1.09481 -1.66612 0.981055 0.08
-27.3533 28.3581 -24.8501 -0.977078 -1.66612 0.981055 0.12
-27.527 28.3368 -25.1833 -0.780867 -1.66612 0.981055 0.2
-27.6599 28.365 -25.5165 -0.584656 -1.66612 0.981055 0.2
-27.6806 28.3742 -25.5832 -0.545414 -1.66612 0.981055 0.04
-27.7439 28.4032 -25.541 -0.448994 0.300996 0.688715 0.14
-27.7774 28.4184 -25.5932 -0.0106696 -0.32617 2.73953 0.16
-27.8271 28.4552 -25.862 -0.315856 -0.707234 -0.803122 0.38
-27.8539 28.4872 -26.1716 -0.207952 -1.93521 0.674403 0.16
-27.8638 28.5117 -26.5199 -0.0865589 -1.93521 0.674403 0.18
-27.8643 28.5172 -26.7522 -0.00563053 -1.93521 0.674403 0.12
-27.8639 28.5208 -26.8657 -0.117373 -1.89184 -1.86237 0.06
-27.8456 28.5685 -27.2062 -0.4526 -1.89184 -1.86237 0.18
-27.775 28.6543 -27.5467 -0.787827 -1.89184 -1.86237 0.18
-27.6492 28.7347 -27.8494 -1.08581 -1.89184 -1.86237 0.16
-27.6289 28.7434 -27.8873 -1.12305 -1.89184 -1.86237 0.02
-27.4314 28.7896 -28.19 -1.42103 -1.89184 -1.86237 0.16
-27.1481 28.7635 -28.5305 -1.75626 -1.89184 -1.86237 0.18
-27.1139 28.7538 -28.5683 -1.79351 -1.89184 -1.86237 0.02
-26.7018 28.6979 -28.2273 -1.19163 1.2181 2.14958 0.28
-26.6559 28.7011 -28.1785 -1.10564 1.2181 2.14958 0.04
-26.4698 28.7423 -27.9106 -0.632737 1.2181 2.14958 0.22
-26.2977 28.7843 -28.218 -0.175342 -0.698806 1.03954 0.44
-26.2829 28.7845 -28.3298 -0.00901588 -0.698806 1.03954 0.16
-26.3321 28.7948 -28.5535 0.323635 -0.698806 1.03954 0.32
-26.352 28.8018 -28.7171 0.0278922 -1.36353 -2.46453 0.12
-26.3432 28.7964 -28.876 -0.235356 -1.58959 -2.63248 0.1
-26.2638 28.7132 -29.2258 -0.814502 -1.58959 -2.63248 0.22
-26.2155 28.6319 -29.3847 -1.07775 -1.58959 -2.63248 0.1
-26.1709 28.5197 -29.5437 -1.341 -1.58959 -2.63248 0.1
-26.1296 28.1651 -29.8934 -1.92014 -1.58959 -2.63248 0.22
-26.156 27.9619 -30.0523 -2.18339 -1.58959 -2.63248 0.1
-26.2217 27.7402 -30.2113 -2.44664 -1.58959 -2.63248 0.1
-26.5333 27.2287 -30.561 -3.02579 -1.58959 -2.63248 0.22
-26.5741 27.1833 -30.5928 -3.07844 -1.58959 -2.63248 0.02
-26.7094 27.0508 -30.6882 -3.23638 -1.58959 -2.63248 0.06
-27.0581 26.7871 -30.8506 -3.01545 -1.16023 1.5781 0.14
-27.1603 26.7255 -30.897 -2.95233 -1.16023 1.5781 0.04
-27.6557 26.3309 -30.5773 -2.34784 1.33205 2.51867 0.24
-27.7427 26.226 -30.4974 -2.19672 1.33205 2.51867 0.06
-27.9237 25.9221 -30.2576 -1.74336 1.33205 2.51867 0.18
-28.0135 25.5895 -29.9379 -1.13888 1.33205 2.51867 0.24
-28.0153 25.5673 -29.9113 -1.08851 1.33205 2.51867 0.02
-28.072 25.2896 -30.2298 -0.409525 -0.838048 1.7868 0.38
-28.0923 25.2474 -30.4141 -0.0164282 -0.838048 1.7868 0.22
-28.0761 25.2677 -30.565 0.305196 -0.838048 1.7868 0.18
-27.8665 25.4281 -30.9002 1.01992 -0.838048 1.7868 0.4
-27.8484 25.4382 -30.917 1.05565 -0.838048 1.7868 0.02
-27.6054 25.5217 -31.2331 1.52446 -1.58092 2.34405 0.2
-27.2152 25.5219 -31.5809 2.04015 -1.58092 2.34405 0.22
-27.0915 25.4952 -31.6758 2.18079 -1.58092 2.34405 0.06
-27.0078 25.4762 -31.6003 2.11402 1.88828 -1.66938 0.04
-26.656 25.4697 -31.2604 1.81353 1.88828 -1.66938 0.18
-26.3732 25.5635 -30.9205 1.51304 1.88828 -1.66938 0.18
-26.3472 25.5782 -30.8827 1.47966 1.88828 -1.66938 0.02
-26.2744 25.62 -30.9062 1.31752 -0.391472 -2.70226 0.06
-26.1893 25.6659 -30.9375 1.10134 -0.391472 -2.70226 0.08
-25.985 25.7584 -31.0941 0.0204362 -0.391472 -2.70226 0.4
-26.1677 25.7173 -31.2429 -1.00642 -0.391472 -2.70226 0.38
-26.1881 25.7138 -31.2507 -1.06047 -0.391472 -2.70226 0.02
-27.0422 25.7264 -31.5747 -2.11685 -0.599959 -1.95625 0.54
-27.0844 25.7334 -31.5867 -2.15597 -0.599959 -1.95625 0.02
-27.4117 25.8418 -31.8842 -2.17039 -1.8595 -0.0901472 0.16
-27.6628 26.013 -32.1445 -2.18302 -1.8595 -0.0901472 0.14
-27.7556 26.1056 -32.2561 -2.18842 -1.8595 -0.0901472 0.06
-27.9656 26.4384 -32.5908 -2.20465 -1.8595 -0.0901472 0.18
-28.0554 26.8245 -32.9255 -2.22088 -1.8595 -0.0901472 0.18
-28.0243 27.1783 -33.223 -2.2353 -1.8595 -0.0901472 0.16
-28.013 27.2216 -33.2602 -2.2371 -1.8595 -0.0901472 0.02
-28.0014 27.2643 -33.2447 -2.18573 0.778062 2.56856 0.02
-27.9228 27.9258 -32.9334 -1.15831 0.778062 2.56856 0.4
-27.9241 27.9484 -32.9179 -1.10694 0.778062 2.56856 0.02
-27.9664 28.1812 -32.6067 -0.0795134 0.778062 2.56856 0.4
-27.9668 28.1822 -32.5911 -0.0281422 0.778062 2.56856 0.02
-27.843 28.0075 -32.2643 1.05065 0.778062 2.56856 0.42
-27.2828 27.5752 -31.922 2.18082 0.778062 2.56856 0.44
-27.1203 27.4918 -31.8597 2.3863 0.778062 2.56856 0.08
-27.0353 27.4487 -31.9116 2.37703 -1.29746 -0.231731 0.04
-26.689 27.2055 -32.1452 2.33532 -1.29746 -0.231731 0.18
-26.5569 27.0746 -32.2489 2.31678 -1.29746 -0.231731 0.08
-26.2377 26.5764 -32.5863 2.25653 -1.29746 -0.231731 0.26
-26.1049 26.0157 -32.9236 2.19628 -1.29746 -0.231731 0.26
-26.1017 25.9281 -32.9755 2.18702 -1.29746 -0.231731 0.04
-26.1797 25.2772 -33.2549 1.46663 -0.775933 -2.00107 0.36
-26.2557 25.0587 -33.3945 1.10644 -0.775933 -2.00107 0.18
-26.2905 24.9844 -33.4566 0.946351 -0.775933 -2.00107 0.08
-26.3286 24.9197 -33.5806 0.9309 -1.55015 -0.193137 0.08
-26.4662 24.7757 -33.9216 0.88841 -1.55015 -0.193137 0.22
-26.6358 24.6903 -34.2627 0.84592 -1.55015 -0.193137 0.22
-26.8149 24.6677 -34.6037 0.80343 -1.55015 -0.193137 0.22
-26.968 24.6987 -34.9137 0.764802 -1.55015 -0.193137 0.2
-27.0741 24.7538 -35.1618 0.733901 -1.55015 -0.193137 0.16
-27.1088 24.7803 -35.2548 0.722312 -1.55015 -0.193137 0.06
-27.2083 24.8972 -35.5958 0.679822 -1.55015 -0.193137 0.22
-27.2213 24.9209 -35.6578 0.672097 -1.55015 -0.193137 0.04
-27.2638 25.0426 -35.9306 0.621294 -1.36411 -0.254012 0.2
-27.2674 25.1948 -36.2853 0.555251 -1.36411 -0.254012 0.26
-27.2282 25.3139 -36.6127 0.494288 -1.36411 -0.254012 0.24
-27.2136 25.3391 -36.6945 0.479048 -1.36411 -0.254012 0.06
-27.1605 25.404 -36.9445 0.361176 -1.24968 -0.589361 0.2
-27.0963 25.4477 -37.2944 0.196155 -1.24968 -0.589361 0.28
-27.0863 25.4515 -37.3694 0.160793 -1.24968 -0.589361 0.06
-27.0666 25.4561 -37.6193 0.042921 -1.24968 -0.589361 0.2
-27.065 25.4562 -37.6943 0.00755933 -1.24968 -0.589361 0.06
-27.0752 25.4579 -37.9442 -0.110313 -1.24968 -0.589361 0.2
-27.0854 25.4611 -38.0442 -0.157462 -1.24968 -0.589361 0.08
-27.1992 25.5226 -38.2926 -0.706664 -0.828139 -1.83068 0.3
-27.3371 25.6346 -38.4583 -1.0728 -0.828139 -1.83068 0.2
-27.5035 25.8224 -38.6239 -1.43893 -0.828139 -1.83068 0.2
-27.8285 26.4635 -38.9551 -2.1712 -0.828139 -1.83068 0.4
-27.8417 26.5053 -38.9717 -2.20782 -0.828139 -1.83068 0.02
-27.9115 27.0248 -39.3112 -1.84355 -1.30565 1.40104 0.26
-27.8982 27.1671 -39.4156 -1.73147 -1.30565 1.40104 0.08
-27.8348 27.4178 -39.6245 -1.5073 -1.30565 1.40104 0.16
-27.6654 27.716 -39.964 -1.14303 -1.30565 1.40104 0.26
-27.6508 27.7332 -39.9901 -1.11501 -1.30565 1.40104 0.02
-27.6052 27.7812 -40.068 -1.09307 -1.29734 0.365704 0.06
-27.4545 27.8975 -40.3015 -1.02724 -1.29734 0.365704 0.18
-27.2184 27.99 -40.6388 -0.932156 -1.29734 0.365704 0.26
-27.0924 28.0041 -40.8204 -0.880958 -1.29734 0.365704 0.14
-26.9896 27.9983 -40.9761 -0.837073 -1.29734 0.365704 0.12
-26.8139 27.9794 -40.892 -0.00473675 0.200314 1.98175 0.42
-26.8453 27.9761 -40.6597 0.356111 1.29055 2.00471 0.18
-27.0038 27.9772 -40.985 0.970419 -1.35542 2.55962 0.24
-27.0441 27.9841 -41.0392 1.0728 -1.35542 2.55962 0.04
-27.0656 27.9888 -41.0663 1.124 -1.35542 2.55962 0.02
-27.2936 28.0732 -41.3103 1.58473 -1.35542 2.55962 0.18
-27.6251 28.3129 -41.6085 2.14784 -1.35542 2.55962 0.22
-27.6867 28.3757 -41.6627 2.25023 -1.35542 2.55962 0.04
-28.0214 28.887 -41.988 2.86454 -1.35542 2.55962 0.24
-28.1722 29.3533 -42.2048 3.27408 -1.35542 2.55962 0.16
-28.213 29.6202 -42.3133 3.47885 -1.35542 2.55962 0.08
-28.4716 30.9218 -42.1245 4.33885 0.555351 2.52943 0.34
-28.8191 31.8756 -42.0023 4.89533 0.555351 2.52943 0.22
-29.1768 32.6083 -41.9134 5.30004 0.555351 2.52943 0.16
-29.3356 32.889 -41.8801 5.4518 0.555351 2.52943 0.06
-30.679 34.6942 -41.6691 6.41299 0.555351 2.52943 0.38
-30.8559 34.8827 -41.6469 6.51417 0.555351 2.52943 0.04
-31.6806 35.5169 -41.3459 6.53878 1.88116 0.153835 0.16
-32.1561 35.7349 -41.1954 6.55109 1.88116 0.153835 0.08
-32.4051 35.8166 -41.1201 6.55724 1.88116 0.153835 0.04
-32.7919 35.9029 -41.0006 6.66043 1.99143 1.71977 0.06
-33.875 35.9024 -40.682 6.93559 1.99143 1.71977 0.16
-35.0721 35.48 -40.3236 7.24515 1.99143 1.71977 0.18
-35.9886 34.7427 -40.0049 7.52031 1.99143 1.71977 0.16
-36.2723 34.3883 -39.8854 7.6235 1.99143 1.71977 0.06
-36.6518 33.7186 -39.6863 7.79547 1.99143 1.71977 0.1
-36.9532 32.6559 -39.4075 8.03624 1.99143 1.71977 0.14
-36.9846 32.3347 -39.3278 8.10503 1.99143 1.71977 0.04
-36.8506 31.0283 -39.0092 8.3802 1.99143 1.71977 0.16
-36.1983 29.6464 -38.6507 8.68976 1.99143 1.71977 0.18
-36.0944 29.5067 -38.6109 8.72415 1.99143 1.71977 0.02
-35.2099 28.6459 -38.3321 8.96492 1.99143 1.71977 0.14
-34.7556 28.3527 -38.2126 9.06811 1.99143 1.71977 0.06
-33.5944 27.8657 -37.9795 8.96092 1.66553 -0.765622 0.14
-32.5438 27.6738 -37.7796 8.86904 1.66553 -0.765622 0.12
-31.8373 27.664 -37.6464 8.8078 1.66553 -0.765622 0.08
-31.1406 27.7475 -37.5131 8.74655 1.66553 -0.765622 0.08
-30.1406 28.0413 -37.3132 8.65467 1.66553 -0.765622 0.12
-28.6864 28.9367 -36.9801 8.50155 1.66553 -0.765622 0.2
-27.6243 30.2347 -36.647 8.34842 1.66553 -0.765622 0.2
-27.0884 31.6194 -36.3472 8.21061 1.66553 -0.765622 0.18
-27.0555 31.7801 -36.3139 8.1953 1.66553 -0.765622 0.02
-27.0279 31.9415 -36.2806 8.17999 1.66553 -0.765622 0.02
-26.9613 32.6014 -36.1778 8.4077 1.28558 2.8464 0.08
-26.9743 33.4557 -36.0492 8.69234 1.28558 2.8464 0.1
-27.0361 33.9786 -35.9721 8.86312 1.28558 2.8464 0.06
-27.0661 34.1539 -35.9464 8.92005 1.28558 2.8464 0.02
-28.1507 37.9226 -35.7528 9.78381 0.460901 2.05657 0.42
-28.2235 38.1047 -35.7436 9.82494 0.460901 2.05657 0.02
-28.5612 38.8171 -35.6279 9.89614 1.44578 0.890081 0.08
-30.0529 40.6827 -35.2809 10.1098 1.44578 0.890081 0.24
-31.943 41.8779 -34.9629 10.3056 1.44578 0.890081 0.22
-32.327 42.0296 -34.905 10.3412 1.44578 0.890081 0.04
-34.3633 42.4477 -34.6159 10.5192 1.44578 0.890081 0.2
-36.6773 42.2128 -34.2978 10.715 1.44578 0.890081 0.22
-37.8911 41.7744 -34.1243 10.8218 1.44578 0.890081 0.12
-38.841 41.2485 -33.9797 10.9108 1.44578 0.890081 0.1
-39.0222 41.1266 -33.9508 10.9286 1.44578 0.890081 0.02
-40.8942 39.2719 -33.6038 11.1423 1.44578 0.890081 0.24
-41.5728 38.1143 -33.4303 11.2491 1.44578 0.890081 0.12
-41.9821 37.0628 -33.2858 11.3381 1.44578 0.890081 0.1
-42.3228 34.3511 -32.9388 11.5517 1.44578 0.890081 0.24
-42.2873 33.8898 -32.8809 11.5873 1.44578 0.890081 0.04
-42.1111 32.7576 -32.7834 11.3385 0.975746 -2.48797 0.1
-41.6174 31.0469 -32.6272 10.9404 0.975746 -2.48797 0.16
-41.5386 30.8433 -32.6077 10.8907 0.975746 -2.48797 0.02
-39.577 27.6589 -32.2565 9.995 0.975746 -2.48797 0.36
-39.1672 27.2273 -32.1979 9.84572 0.975746 -2.48797 0.06
-37.9923 26.2287 -32.0418 9.44764 0.975746 -2.48797 0.16
-37.052 25.6291 -31.9247 9.14909 0.975746 -2.48797 0.12
-35.7525 25.0311 -31.7686 8.75101 0.975746 -2.48797 0.16
-34.2733 24.6287 -31.593 8.30318 0.975746 -2.48797 0.18
-32.5147 24.5038 -31.3783 7.75582 0.975746 -2.48797 0.22
-32.207 24.5214 -31.3393 7.65631 0.975746 -2.48797 0.04
-31.161 24.4851 -31.5636 7.32593 -1.60244 -2.35982 0.14
-29.6938 23.996 -31.9161 6.80677 -1.60244 -2.35982 0.22
-29.1349 23.6299 -32.0764 6.57079 -1.60244 -2.35982 0.1
-28.6589 23.1952 -32.2366 6.3348 -1.60244 -2.35982 0.1
-27.9343 22.0804 -32.5892 5.81564 -1.60244 -2.35982 0.22
-27.8163 21.7566 -32.6853 5.67405 -1.60244 -2.35982 0.06
-27.7113 21.3231 -32.8135 5.48527 -1.60244 -2.35982 0.08
-27.6707 21.0009 -32.9097 5.34368 -1.60244 -2.35982 0.06
-27.6625 20.7857 -32.9879 5.42899 -1.95599 2.13284 0.04
-27.7706 20.0147 -33.2617 5.72759 -1.95599 2.13284 0.14
-28.165 19.1616 -33.5747 6.06884 -1.95599 2.13284 0.16
-28.942 18.3534 -33.9268 6.45276 -1.95599 2.13284 0.18
-29.1577 18.2086 -34.005 6.53807 -1.95599 2.13284 0.04
-29.8816 17.8727 -34.2397 6.79401 -1.95599 2.13284 0.12
-31.1204 17.698 -34.5918 7.17792 -1.95599 2.13284 0.18
-32.4106 17.9755 -34.9439 7.56184 -1.95599 2.13284 0.18
-32.5499 18.0353 -34.983 7.60449 -1.95599 2.13284 0.02
-33.4649 18.6132 -35.2568 7.90309 -1.95599 2.13284 0.14
-34.3921 19.7274 -35.6089 8.287 -1.95599 2.13284 0.18
-34.8692 20.9879 -35.9219 8.62826 -1.95599 2.13284 0.16
-34.9269 21.3298 -36.0001 8.71357 -1.95599 2.13284 0.04
-34.9525 21.5019 -35.9616 8.68564 1.92345 -1.39659 0.02
-34.9845 21.6723 -35.9232 8.65771 1.92345 -1.39659 0.02
-35.3822 22.799 -35.6539 8.46218 1.92345 -1.39659 0.14
-36.2818 23.9906 -35.3077 8.2108 1.92345 -1.39659 0.18
-37.4947 24.7817 -34.9615 7.95941 1.92345 -1.39659 0.18
-37.7909 24.895 -34.8845 7.90355 1.92345 -1.39659 0.04
-38.8602 25.1039 -34.6152 7.70802 1.92345 -1.39659 0.14
-39.1673 25.1099 -34.5383 7.65216 1.92345 -1.39659 0.04
-40.0653 24.9886 -34.3075 7.48457 1.92345 -1.39659 0.12
-41.2676 24.4486 -33.9613 7.23318 1.92345 -1.39659 0.18
-42.1829 23.5639 -33.615 6.9818 1.92345 -1.39659 0.18
-42.2626 23.4496 -33.5766 6.95386 1.92345 -1.39659 0.02
-42.6867 22.5746 -33.2996 6.9815 1.97833 0.197358 0.14
-42.8482 21.7531 -33.0622 7.00518 1.97833 0.197358 0.12
-42.855 21.3327 -32.9435 7.01702 1.97833 0.197358 0.06
-42.6306 20.2349 -32.627 7.0486 1.97833 0.197358 0.16
-41.9823 19.1483 -32.2709 7.08412 1.97833 0.197358 0.18
-41.1146 18.4226 -31.9543 7.1157 1.97833 0.197358 0.16
-39.9193 17.9724 -31.5982 7.15122 1.97833 0.197358 0.18
-38.7777 17.945 -31.2817 7.1828 1.97833 0.197358 0.16
-37.9438 18.1606 -31.0443 7.20648 1.97833 0.197358 0.12
-37.5508 18.3413 -30.9256 7.21833 1.97833 0.197358 0.06
-36.2348 18.8105 -31.2243 6.80484 -1.49345 -2.06743 0.2
-35.4384 18.8924 -31.4035 6.55675 -1.49345 -2.06743 0.12
-34.6698 18.8334 -31.5827 6.30866 -1.49345 -2.06743 0.12
-33.4094 18.4031 -31.9113 5.85382 -1.49345 -2.06743 0.22
-32.5865 17.8053 -32.1801 5.48168 -1.49345 -2.06743 0.18
-32.5088 17.7285 -32.21 5.44033 -1.49345 -2.06743 0.02
-32.3579 17.5692 -32.2468 5.53264 -0.921141 2.30771 0.04
-31.4812 16.3362 -32.4863 6.13265 -0.921141 2.30771 0.26
-31.2072 15.7749 -32.5784 6.36342 -0.921141 2.30771 0.1
-31.0199 15.2938 -32.6521 6.54804 -0.921141 2.30771 0.08
-30.6319 13.4148 -32.91 7.1942 -0.921141 2.30771 0.28
-30.6412 12.084 -33.0758 7.60959 -0.921141 2.30771 0.18
-30.808 11.0097 -33.2048 7.93267 -0.921141 2.30771 0.14
-30.9248 10.5441 -33.2601 8.07113 -0.921141 2.30771 0.06
-31.8461 8.38888 -33.518 8.71729 -0.921141 2.30771 0.28
-32.2253 7.795 -33.5917 8.90191 -0.921141 2.30771 0.08
-32.3282 7.64912 -33.6101 8.94806 -0.921141 2.30771 0.02
-32.4306 7.50198 -33.5795 8.97988 1.53168 1.59082 0.02
-33.2039 5.85373 -33.2731 9.29804 1.53168 1.59082 0.2
-33.2983 5.49273 -33.2119 9.36167 1.53168 1.59082 0.04
-33.4458 3.79366 -32.9362 9.64802 1.53168 1.59082 0.18
-33.3224 2.82973 -32.783 9.8071 1.53168 1.59082 0.1
-32.9764 1.69467 -32.5992 9.998 1.53168 1.59082 0.12
-32.5255 0.79449 -32.446 10.1571 1.53168 1.59082 0.1
-32.0627 0.121037 -32.3235 10.2843 1.53168 1.59082 0.08
-31.7989 -0.196139 -32.2622 10.348 1.53168 1.59082 0.04
-30.5158 -1.25327 -31.9488 10.5176 1.95875 1.06024 0.16
-28.7346 -1.91578 -31.5962 10.7085 1.95875 1.06024 0.18
-27.2311 -1.98031 -31.322 10.8569 1.95875 1.06024 0.14
-27.0152 -1.95569 -31.2828 10.8781 1.95875 1.06024 0.02
-26.8 -1.92257 -31.2437 10.8993 1.95875 1.06024 0.02
-23.082 -1.56595 -31.3995 9.87164 -0.43284 -2.85462 0.36
-21.7283 -1.58444 -31.4601 9.47199 -0.43284 -2.85462 0.14
-19.5482 -1.79317 -31.564 8.78688 -0.43284 -2.85462 0.24
-19.2033 -1.84766 -31.5813 8.6727 -0.43284 -2.85462 0.04
-17.9903 -1.94998 -31.4191 8.73589 1.15873 0.451333 0.14
-16.768 -1.85435 -31.2568 8.79907 1.15873 0.451333 0.14
-16.4215 -1.7905 -31.2105 8.81713 1.15873 0.451333 0.04
-15.0715 -1.3066 -30.9348 9.16652 1.72299 2.1837 0.16
-13.59 -0.169248 -30.5902 9.60326 1.72299 2.1837 0.2
-13.4619 -0.0255311 -30.5558 9.64693 1.72299 2.1837 0.02
-13.3352 0.119287 -30.572 9.59488 -0.812321 -2.60246 0.02
-11.1254 2.04152 -30.8319 8.76209 -0.812321 -2.60246 0.32
-10.9789 2.13667 -30.8482 8.71005 -0.812321 -2.60246 0.02
-10.8331 2.23232 -30.8227 8.73211 1.27489 1.10324 0.02
-9.62852 3.26431 -30.5932 8.93069 1.27489 1.10324 0.18
-8.33859 5.22683 -30.2617 9.21753 1.27489 1.10324 0.26
-8.26606 5.39655 -30.2362 9.2396 1.27489 1.10324 0.02
-7.72536 7.76402 -29.9048 9.52644 1.27489 1.10324 0.26
-7.99241 10.2524 -29.5733 9.81328 1.27489 1.10324 0.26
-8.17265 10.8149 -29.4968 9.87947 1.27489 1.10324 0.06
-9.65821 14.2364 -29.3718 8.78333 0.312618 -2.74035 0.4
-10.8192 16.2809 -29.2842 8.01603 0.312618 -2.74035 0.28
-11.3352 17.0692 -29.2467 7.68719 0.312618 -2.74035 0.12
-12.5997 19.7375 -29.5569 7.91619 -0.816378 0.602628 0.38
-12.961 21.6173 -29.7529 8.06082 -0.816378 0.602628 0.24
-12.9882 23.0764 -29.8998 8.16929 -0.816378 0.602628 0.18
-12.2718 26.299 -30.2264 8.41035 -0.816378 0.602628 0.4
-12.0004 26.9166 -30.2917 8.45856 -0.816378 0.602628 0.08
-11.9301 27.0709 -30.2539 8.49421 1.89096 1.78262 0.02
-11.6309 28.0564 -30.0269 8.70812 1.89096 1.78262 0.12
-11.5654 28.5777 -29.9135 8.81508 1.89096 1.78262 0.06
-10.8895 32.0194 -30.1648 8.76804 -0.628315 -0.117608 0.4
-10.7149 32.5153 -30.2025 8.76098 -0.628315 -0.117608 0.06
-10.2159 34.7995 -29.9135 7.9974 1.03207 -2.72708 0.28
-10.2094 35.7389 -29.7897 7.67015 1.03207 -2.72708 0.12
-10.4409 37.1975 -29.5833 7.12473 1.03207 -2.72708 0.2
-10.7061 37.9891 -29.4594 6.79748 1.03207 -2.72708 0.12
-10.8127 38.2368 -29.4181 6.6884 1.03207 -2.72708 0.04
-10.9275 38.476 -29.3769 6.57932 1.03207 -2.72708 0.04
-11.1705 39.0763 -29.5449 6.38684 -1.68048 -1.92475 0.1
-11.3351 40.2983 -29.881 6.00189 -1.68048 -1.92475 0.2
-11.1031 41.4312 -30.2171 5.61694 -1.68048 -1.92475 0.2
-10.9149 41.8321 -30.3515 5.46296 -1.68048 -1.92475 0.08
-10.8605 41.9264 -30.3851 5.42447 -1.68048 -1.92475 0.02
-10.5497 42.3584 -30.5532 5.23199 -1.68048 -1.92475 0.1
-9.78042 43.0022 -30.8893 4.84704 -1.68048 -1.92475 0.2
-8.91357 43.3294 -31.2254 4.46209 -1.68048 -1.92475 0.2
-8.73883 43.3571 -31.2926 4.3851 -1.68048 -1.92475 0.04
-8.06392 43.3507 -31.5615 4.07714 -1.68048 -1.92475 0.16
-7.32769 43.1142 -31.8976 3.69219 -1.68048 -1.92475 0.2
-6.96961 42.8789 -32.0992 3.46122 -1.68048 -1.92475 0.12
-6.76685 42.6855 -32.2553 3.55045 -1.95077 1.11536 0.08
-6.45187 42.1985 -32.5674 3.72891 -1.95077 1.11536 0.16
-6.28741 41.5328 -32.9186 3.92967 -1.95077 1.11536 0.18
-6.34436 40.8949 -33.2307 4.10813 -1.95077 1.11536 0.16
-6.6523 40.207 -33.5818 4.3089 -1.95077 1.11536 0.18
-6.75493 40.0675 -33.6598 4.35351 -1.95077 1.11536 0.04
-7.2031 39.6413 -33.933 4.50966 -1.95077 1.11536 0.14
-7.80997 39.0435 -33.6315 4.99071 1.67453 2.67249 0.18
-8.21455 38.3186 -33.3636 5.41831 1.67453 2.67249 0.16
-8.28821 38.1125 -33.2966 5.52521 1.67453 2.67249 0.04
-8.32059 38.0067 -33.2707 5.54018 1.29656 0.748373 0.02
-8.42044 37.6921 -33.3175 5.46322 -0.780668 -1.28263 0.06
-9.26949 36.0176 -33.5986 5.00147 -0.780668 -1.28263 0.36
-10.6507 34.6008 -33.9265 4.46276 -0.780668 -1.28263 0.42
-10.7956 34.4984 -33.9577 4.41146 -0.780668 -1.28263 0.04
-11.1935 34.1547 -33.7321 4.37023 1.87961 -0.343554 0.12
-11.3597 33.9529 -33.6194 4.34962 1.87961 -0.343554 0.06
-11.7059 33.261 -33.281 4.28778 1.87961 -0.343554 0.18
-11.8025 32.6736 -33.0179 4.23968 1.87961 -0.343554 0.14
-11.8014 32.5044 -32.9427 4.22594 1.87961 -0.343554 0.04
-11.6427 31.7698 -32.6044 4.1641 1.87961 -0.343554 0.18
-11.255 31.139 -32.266 4.10226 1.87961 -0.343554 0.18
-10.8932 30.8103 -32.0405 4.06103 1.87961 -0.343554 0.12
-10.6885 30.6796 -31.9277 4.04042 1.87961 -0.343554 0.06
-10.0121 30.438 -31.5894 3.97858 1.87961 -0.343554 0.18
-9.77573 30.4102 -31.4766 3.95797 1.87961 -0.343554 0.06
-9.39743 30.3679 -31.5793 3.65852 -1.02745 -2.99448 0.1
-8.99065 30.2752 -31.7026 3.29918 -1.02745 -2.99448 0.12
-8.43583 30.0497 -31.9081 2.70029 -1.02745 -2.99448 0.2
-8.1051 29.8369 -32.0725 2.22117 -1.02745 -2.99448 0.16
-7.87026 29.6244 -32.2369 1.74205 -1.02745 -2.99448 0.16
-7.72077 29.4365 -32.4013 1.26294 -1.02745 -2.99448 0.16
-7.66713 29.3586 -32.3654 1.10203 0.448635 -2.01127 0.08
-7.5389 29.1968 -32.2577 0.61933 0.448635 -2.01127 0.24
-7.47226 29.1287 -32.1232 0.0159498 0.448635 -2.01127 0.3
-7.62965 29.2306 -31.9258 -0.869008 0.448635 -2.01127 0.44
-7.71535 29.2759 -31.8809 -1.07013 0.448635 -2.01127 0.1
-7.94051 29.3925 -31.918 -0.0322952 -0.0807857 2.25617 0.46
-7.94068 29.3926 -31.9197 0.0128282 -0.0807857 2.25617 0.02
-8.22315 29.5904 -32.0794 -1.09117 -0.249597 -1.725 0.64
-8.96049 30.2764 -32.2342 -2.16067 -0.249597 -1.725 0.62
-9.08109 30.4078 -32.2541 -2.29867 -0.249597 -1.725 0.08
-10.0337 31.6387 -32.3939 -3.26467 -0.249597 -1.725 0.56
-10.1805 31.8614 -32.4139 -3.40267 -0.249597 -1.725 0.08
-10.5798 32.5688 -32.5288 -3.98608 -0.522542 -2.65184 0.22
-10.7854 33.0216 -32.5915 -4.3043 -0.522542 -2.65184 0.12
-10.8183 33.1017 -32.602 -4.35733 -0.522542 -2.65184 0.02
-11.0281 33.9676 -32.9034 -3.77269 -1.37004 2.65746 0.22
-11.0045 34.6016 -33.15 -3.29435 -1.37004 2.65746 0.18
-10.9495 34.8505 -33.2596 -3.08176 -1.37004 2.65746 0.08
-10.8511 35.1283 -33.3966 -2.81601 -1.37004 2.65746 0.1
-10.6737 35.4503 -33.5884 -2.44397 -1.37004 2.65746 0.14
-10.5598 35.5985 -33.698 -2.23137 -1.37004 2.65746 0.08
-10.5305 35.6315 -33.7254 -2.17822 -1.37004 2.65746 0.02
-10.3455 35.7979 -33.928 -1.9763 -1.68836 1.6827 0.12
-10.024 35.9595 -34.2657 -1.63976 -1.68836 1.6827 0.2
-9.73351 35.9973 -34.6034 -1.30322 -1.68836 1.6827 0.2
-9.59098 35.9766 -34.806 -1.10129 -1.68836 1.6827 0.12
-9.51238 35.9511 -34.941 -0.966675 -1.68836 1.6827 0.08
-9.3761 35.8693 -35.2787 -0.630134 -1.68836 1.6827 0.2
-9.3199 35.8044 -35.5826 -0.327248 -1.68836 1.6827 0.18
-9.30654 35.7758 -35.8865 -0.0243616 -1.68836 1.6827 0.18
-9.3065 35.7757 -35.9203 0.00929249 -1.68836 1.6827 0.02
-9.306 35.8111 -36.2579 0.345833 -1.68836 1.6827 0.2
-9.2741 35.9083 -36.5956 0.682373 -1.68836 1.6827 0.2
-9.17199 36.0434 -36.9333 1.01891 -1.68836 1.6827 0.2
-9.14067 36.0715 -37.0008 1.08622 -1.68836 1.6827 0.04
-8.99905 36.1608 -37.2754 1.0131 -1.71603 -0.457042 0.16
-8.81274 36.2093 -37.6186 0.921687 -1.71603 -0.457042 0.2
-8.63908 36.194 -37.9618 0.830278 -1.71603 -0.457042 0.2
-8.50957 36.137 -38.2707 0.748011 -1.71603 -0.457042 0.18
-8.4063 36.0428 -38.6139 0.656602 -1.71603 -0.457042 0.2
-8.34922 35.9355 -38.9571 0.565194 -1.71603 -0.457042 0.2
-8.33416 35.8332 -39.3003 0.473786 -1.71603 -0.457042 0.2
-8.35074 35.7496 -39.6435 0.382377 -1.71603 -0.457042 0.2
-8.38123 35.6966 -39.9524 0.30011 -1.71603 -0.457042 0.18
-8.41546 35.6652 -40.2613 0.217842 -1.71603 -0.457042 0.18
-8.41882 35.6631 -40.2908 0.18004 -1.47571 -1.89008 0.02
-8.42613 35.659 -40.4088 0.0288336 -1.47571 -1.89008 0.08
-8.40725 35.6642 -40.645 -0.27358 -1.47571 -1.89008 0.16
-8.30177 35.6652 -40.9696 -0.689398 -1.47571 -1.89008 0.22
-8.13388 35.6157 -41.2648 -1.06742 -1.47571 -1.89008 0.2
-8.09415 35.5963 -41.3238 -1.14302 -1.47571 -1.89008 0.04
-7.85925 35.4163 -41.6484 -1.55884 -1.47571 -1.89008 0.22
-7.64255 35.0957 -41.9731 -1.97466 -1.47571 -1.89008 0.22
-7.56905 34.9025 -42.1207 -2.16366 -1.47571 -1.89008 0.1
-7.50985 34.5871 -42.3273 -2.42828 -1.47571 -1.89008 0.14
-7.55736 34.0117 -42.6519 -2.84409 -1.47571 -1.89008 0.22
-7.82165 33.3976 -42.9766 -3.25991 -1.47571 -1.89008 0.22
-7.85758 33.3428 -43.0061 -3.29771 -1.47571 -1.89008 0.02
-8.06286 33.0864 -43.1675 -3.27784 -1.61387 0.198761 0.1
-8.30519 32.8677 -43.3289 -3.25796 -1.61387 0.198761 0.1
-8.69376 32.6344 -43.5548 -3.23014 -1.61387 0.198761 0.14
-8.87341 32.5629 -43.6516 -3.21821 -1.61387 0.198761 0.06
-9.56469 32.4559 -44.0067 -3.17448 -1.61387 0.198761 0.22
-10.1821 32.5717 -44.3295 -3.13473 -1.61387 0.198761 0.2
-10.2407 32.594 -44.3617 -3.13076 -1.61387 0.198761 0.02
-10.7718 32.9127 -44.6845 -3.091 -1.61387 0.198761 0.2
-10.8184 32.9534 -44.7168 -3.08703 -1.61387 0.198761 0.02
-11.1693 33.3775 -45.0073 -3.05125 -1.61387 0.198761 0.18
-11.2001 33.4301 -45.0396 -3.04728 -1.61387 0.198761 0.02
-11.3684 33.8843 -45.3572 -3.03307 -1.98532 0.0887644 0.16
-11.3864 34.3661 -45.6749 -3.01887 -1.98532 0.0887644 0.16
-11.2535 34.8272 -45.9925 -3.00467 -1.98532 0.0887644 0.16
-10.9427 35.2646 -46.3499 -2.98869 -1.98532 0.0887644 0.18
-10.854 35.3446 -46.4293 -2.98514 -1.98532 0.0887644 0.04
-10.7641 35.4237 -46.3757 -3.00572 1.34008 -0.514437 0.04
-10.3142 36.0025 -46.0541 -3.12918 1.34008 -0.514437 0.24
-10.0498 36.7858 -45.7057 -3.26294 1.34008 -0.514437 0.26
-10.0407 36.8506 -45.6789 -3.27323 1.34008 -0.514437 0.02
-10.0571 37.5803 -45.384 -3.3864 1.34008 -0.514437 0.22
-10.1816 38.0422 -45.1964 -3.45842 1.34008 -0.514437 0.14
-10.3587 38.4211 -45.0356 -3.52016 1.34008 -0.514437 0.12
-10.791 38.9872 -44.7676 -3.62304 1.34008 -0.514437 0.2
-10.8964 39.0871 -44.714 -3.64362 1.34008 -0.514437 0.04
-11.2588 39.5283 -45.0186 -3.52032 -1.90391 0.770608 0.16
-11.4648 40.0396 -45.3232 -3.39703 -1.90391 0.770608 0.16
-11.5102 40.504 -45.5898 -3.28914 -1.90391 0.770608 0.14
-11.5004 40.6346 -45.6659 -3.25832 -1.90391 0.770608 0.04
-11.3409 41.1831 -46.0087 -3.11961 -1.90391 0.770608 0.18
-11.021 41.626 -46.3514 -2.9809 -1.90391 0.770608 0.18
-10.8401 41.7772 -46.5037 -2.91925 -1.90391 0.770608 0.08
-10.5913 41.9215 -46.6941 -2.84219 -1.90391 0.770608 0.1
-10.1113 42.0492 -47.0368 -2.70348 -1.90391 0.770608 0.18
-9.69111 42.0222 -47.3414 -2.58018 -1.90391 0.770608 0.16
-9.59188 41.9963 -47.4175 -2.54936 -1.90391 0.770608 0.04
-9.3204 41.9107 -47.4417 -2.19488 -0.201278 2.95401 0.12
-8.99251 41.7965 -47.4779 -1.66315 -0.201278 2.95401 0.18
-8.81185 41.7056 -47.7013 -1.71472 -1.86131 -0.429683 0.12
-8.72834 41.6443 -47.813 -1.7405 -1.86131 -0.429683 0.06
-8.58954 41.5027 -48.0291 -1.57038 -1.80125 1.41767 0.12
-8.46371 41.2768 -48.3533 -1.3152 -1.80125 1.41767 0.18
-8.42688 41.1111 -48.6055 -1.11672 -1.80125 1.41767 0.14
-8.42457 41.0467 -48.7136 -1.03166 -1.80125 1.41767 0.06
-8.45252 40.8871 -49.0378 -0.77648 -1.80125 1.41767 0.18
-8.50772 40.7848 -49.362 -0.521298 -1.80125 1.41767 0.18
-8.53267 40.7572 -49.5061 -0.407884 -1.80125 1.41767 0.08
-8.57009 40.7278 -49.7063 -0.273107 -1.42997 0.962698 0.14
-8.60434 40.7122 -50.0495 -0.0420593 -1.42997 0.962698 0.24
-8.60523 40.712 -50.1067 -0.00355136 -1.42997 0.962698 0.04
-8.58674 40.7114 -50.3927 0.188988 -1.42997 0.962698 0.2
-8.5177 40.6884 -50.7359 0.420036 -1.42997 0.962698 0.24
-8.42516 40.6198 -51.0505 0.631829 -1.42997 0.962698 0.22
-8.40728 40.6008 -51.1077 0.670337 -1.42997 0.962698 0.04
-8.39806 40.5907 -51.0886 0.700129 0.957893 1.48962 0.02
-8.21922 40.4432 -50.8395 1.08743 0.957893 1.48962 0.26
-8.11872 40.385 -50.7437 1.23639 0.957893 1.48962 0.1
-7.8684 40.1992 -51.0674 1.1723 -1.24494 -0.246526 0.26
-7.69966 39.957 -51.3911 1.1082 -1.24494 -0.246526 0.26
-7.67346 39.8964 -51.4658 1.09341 -1.24494 -0.246526 0.06
-7.62492 39.6957 -51.7278 1.20699 -1.45566 0.63103 0.18
-7.64624 39.3902 -52.0772 1.35844 -1.45566 0.63103 0.24
-7.76908 39.1025 -52.3974 1.49727 -1.45566 0.63103 0.22
-8.02196 38.8248 -52.7468 1.64871 -1.45566 0.63103 0.24
-8.35261 38.645 -53.067 1.78754 -1.45566 0.63103 0.22
-8.63879 38.5802 -53.2999 1.88851 -1.45566 0.63103 0.16
-8.79761 38.5722 -53.4116 2.08894 -1.39581 2.50547 0.08
-8.83988 38.573 -53.4395 2.13905 -1.39581 2.50547 0.02
-9.35932 38.6739 -53.7466 2.69025 -1.39581 2.50547 0.22
-9.93038 38.9842 -54.0536 3.24146 -1.39581 2.50547 0.22
-9.98197 39.0243 -54.0816 3.29157 -1.39581 2.50547 0.02
-10.446 39.5369 -54.4075 3.02204 -1.48166 -1.2251 0.22
-10.7105 40.1703 -54.7631 2.72802 -1.48166 -1.2251 0.24
-10.7415 40.7374 -55.0891 2.4585 -1.48166 -1.2251 0.22
-10.6052 41.2278 -55.4151 2.18898 -1.48166 -1.2251 0.22
-10.3256 41.6272 -55.7707 1.89496 -1.48166 -1.2251 0.24
-10.0117 41.851 -56.0966 1.62543 -1.48166 -1.2251 0.22
-9.69918 41.9456 -56.4226 1.35591 -1.48166 -1.2251 0.22
-9.45344 41.9414 -56.7189 1.11089 -1.48166 -1.2251 0.2
-9.41085 41.9327 -56.7782 1.06189 -1.48166 -1.2251 0.04
-9.25087 41.8729 -57.0449 0.841372 -1.48166 -1.2251 0.18
-8.97215 41.7407 -56.9431 1.08772 0.318107 0.769826 0.32
-8.66737 41.5795 -57.12 1.37799 -0.631722 1.03669 0.28
-8.35601 41.3399 -57.2842 1.64753 -0.631722 1.03669 0.26
-8.00196 40.9604 -57.4473 2.06397 -0.582387 1.48728 0.28
-7.89935 40.825 -57.4939 2.18295 -0.582387 1.48728 0.08
-7.87381 40.7893 -57.5055 2.21269 -0.582387 1.48728 0.02
-7.84853 40.7533 -57.5084 2.18415 -0.141814 -1.42695 0.02
-7.18268 39.6986 -57.6161 1.09967 -0.141814 -1.42695 0.76
-6.99204 39.3204 -57.7239 0.0151829 -0.141814 -1.42695 0.76
-6.99204 39.3204 -57.7268 -0.0133562 -0.141814 -1.42695 0.02
-6.99233 39.3212 -57.7902 -0.0287323 -1.58699 -0.384404 0.04
-6.9942 39.3345 -58.1076 -0.105613 -1.58699 -0.384404 0.2
-6.98842 39.3663 -58.4568 -0.190182 -1.58699 -0.384404 0.22
-6.9664 39.4062 -58.7742 -0.267063 -1.58699 -0.384404 0.2
-6.9161 39.4515 -59.1233 -0.351632 -1.58699 -0.384404 0.22
-6.84464 39.482 -59.4407 -0.428512 -1.58699 -0.384404 0.2
-6.74184 39.4892 -59.7898 -0.513081 -1.58699 -0.384404 0.22
-6.62496 39.4557 -60.139 -0.59765 -1.58699 -0.384404 0.22
-6.52117 39.3831 -60.4564 -0.674531 -1.58699 -0.384404 0.2
-6.44322 39.2826 -60.742 -0.743723 -1.58699 -0.384404 0.18
-6.43606 39.2695 -60.7805 -0.750146 -1.92434 -0.321155 0.02
-6.39413 39.1364 -61.1269 -0.807954 -1.92434 -0.321155 0.18
-6.40028 38.9866 -61.4733 -0.865762 -1.92434 -0.321155 0.18
-6.4608 38.8382 -61.8197 -0.92357 -1.92434 -0.321155 0.18
-6.49194 38.7869 -61.7935 -1.07803 0.435505 -2.57431 0.06
-6.77547 38.17 -61.6106 -2.15924 0.435505 -2.57431 0.42
-6.80502 38.0867 -61.5932 -2.26221 0.435505 -2.57431 0.04
-6.97416 37.4935 -61.4887 -2.88005 0.435505 -2.57431 0.24
-7.0578 37.0734 -61.4277 -3.24045 0.435505 -2.57431 0.14
-7.17003 35.4915 -61.2448 -4.32166 0.435505 -2.57431 0.42
-7.11455 34.5777 -61.1577 -4.83653 0.435505 -2.57431 0.2
-7.02058 33.8818 -61.0967 -5.19693 0.435505 -2.57431 0.14
-7.00535 33.7791 -61.1311 -5.18756 -1.71904 0.46839 0.02
-7.04772 32.7569 -61.4749 -5.09389 -1.71904 0.46839 0.2
-7.07102 32.6578 -61.5093 -5.08452 -1.71904 0.46839 0.02
-7.40269 31.8469 -61.7933 -4.68235 -1.57768 2.23429 0.18
-7.78102 31.3402 -62.0141 -4.36954 -1.57768 2.23429 0.14
-8.03021 31.1057 -62.1404 -4.1908 -1.57768 2.23429 0.08
-8.77896 30.6755 -62.4874 -3.69926 -1.57768 2.23429 0.22
-9.39336 30.5476 -62.7714 -3.29709 -1.57768 2.23429 0.18
-9.45879 30.5447 -62.803 -3.2524 -1.57768 2.23429 0.02
-10.1105 30.6365 -63.1501 -2.76086 -1.57768 2.23429 0.22
-10.5973 30.8937 -63.4972 -2.26931 -1.57768 2.23429 0.22
-10.6322 30.922 -63.5287 -2.22463 -1.57768 2.23429 0.02
-10.8289 31.1261 -63.7381 -2.50799 -1.74484 -2.36139 0.12
-10.8891 31.2087 -63.8079 -2.60245 -1.74484 -2.36139 0.04
-11.117 31.7255 -64.1569 -3.07472 -1.74484 -2.36139 0.2
-11.1612 31.9749 -64.2964 -3.26364 -1.74484 -2.36139 0.08
-11.1613 32.3828 -64.5058 -3.547 -1.74484 -2.36139 0.12
-11.1276 32.5971 -64.6105 -3.68869 -1.74484 -2.36139 0.06
-10.9859 33.0335 -64.8199 -3.97205 -1.74484 -2.36139 0.12
-10.8761 33.2497 -64.9246 -4.11373 -1.74484 -2.36139 0.06
-10.8363 33.3219 -64.8905 -4.13252 1.70194 -0.939434 0.02
-10.7987 33.3957 -64.8565 -4.15131 1.70194 -0.939434 0.02
-10.5632 34.2072 -64.5161 -4.3392 1.70194 -0.939434 0.2
-10.5548 34.2938 -64.4821 -4.35799 1.70194 -0.939434 0.02
-10.5469 34.3803 -64.5054 -4.33362 -1.16582 1.2185 0.02
-10.2444 35.5007 -64.8318 -3.99244 -1.16582 1.2185 0.28
-9.6012 36.4384 -65.1816 -3.62689 -1.16582 1.2185 0.3
-8.82345 37.007 -65.508 -3.28571 -1.16582 1.2185 0.28
-7.99521 37.268 -65.8344 -2.94453 -1.16582 1.2185 0.28
-7.17131 37.2416 -66.1842 -2.57898 -1.16582 1.2185 0.3
-6.5454 36.9988 -66.5106 -2.23781 -1.16582 1.2185 0.28
-6.47041 36.9517 -66.5572 -2.18907 -1.16582 1.2185 0.04
-6.25703 36.7648 -66.8354 -1.87628 -1.98679 2.23419 0.14
-6.10353 36.5071 -67.193 -1.47413 -1.98679 2.23419 0.18
-6.06261 36.3048 -67.5109 -1.11666 -1.98679 2.23419 0.16
-6.08424 36.1423 -67.8685 -0.714504 -1.98679 2.23419 0.18
-6.12257 36.066 -68.1864 -0.357034 -1.98679 2.23419 0.16
-6.13847 36.0393 -67.895 -0.0327362 1.82145 2.02686 0.16
-6.13525 36.066 -67.5671 0.332099 1.82145 2.02686 0.18
-6.15454 36.1706 -67.2028 0.737471 1.82145 2.02686 0.2
-6.22279 36.2968 -66.9114 1.06177 1.82145 2.02686 0.16
-6.23591 36.314 -66.875 1.10231 1.82145 2.02686 0.02
-6.31499 36.449 -67.1657 0.86022 -1.81688 -1.51304 0.16
-6.34436 36.5869 -67.529 0.557612 -1.81688 -1.51304 0.2
-6.33452 36.6618 -67.8561 0.285264 -1.81688 -1.51304 0.18
-6.32348 36.6862 -68.1831 0.0129168 -1.81688 -1.51304 0.18
-6.34029 36.6718 -68.5102 -0.259431 -1.81688 -1.51304 0.18
-6.41553 36.6399 -68.8735 -0.562039 -1.81688 -1.51304 0.2
-6.54037 36.6315 -69.2006 -0.834386 -1.81688 -1.51304 0.18
-6.68844 36.6672 -69.4913 -1.07647 -1.81688 -1.51304 0.16
-6.7086 36.6756 -69.5276 -1.10673 -1.81688 -1.51304 0.02
-6.89465 36.7981 -69.8546 -1.37908 -1.81688 -1.51304 0.18
-6.93487 36.8376 -69.9273 -1.4396 -1.81688 -1.51304 0.04
-6.95525 36.8584 -69.8941 -1.47252 1.66235 -1.64598 0.02
-7.09614 37.0101 -69.9851 -1.11653 -0.56867 2.22496 0.16
-7.25206 37.2332 -70.2239 -0.182046 -0.56867 2.22496 0.42
-7.25527 37.2399 -70.2694 -0.00404932 -0.56867 2.22496 0.08
-7.19639 36.993 -70.5424 1.06393 -0.56867 2.22496 0.48
-7.1934 36.9714 -70.5537 1.10843 -0.56867 2.22496 0.02
-7.13875 36.75 -70.2342 0.0356529 0.7989 -2.68194 0.4
-7.27753 36.9219 -69.8986 -1.09076 0.7989 -2.68194 0.42
-7.81022 37.2912 -69.5791 -2.16354 0.7989 -2.68194 0.4
-7.84955 37.3105 -69.5631 -2.21718 0.7989 -2.68194 0.02
-8.15355 37.4036 -69.2502 -1.77345 1.95571 2.77331 0.16
-8.42631 37.3951 -68.8981 -1.27425 1.95571 2.77331 0.18
-8.49506 37.3758 -68.7808 -1.10786 1.95571 2.77331 0.06
-8.59682 37.3273 -68.5461 -0.775058 1.95571 2.77331 0.12
-8.664 37.2702 -68.2332 -0.331328 1.95571 2.77331 0.16
-8.6751 37.2545 -68.0376 -0.0539968 1.95571 2.77331 0.1
-8.67347 37.2587 -67.8812 0.167868 1.95571 2.77331 0.08
-8.66414 37.3202 -67.5683 0.611598 1.95571 2.77331 0.16
-8.68351 37.4516 -67.2554 1.05533 1.95571 2.77331 0.16
-8.69009 37.4722 -67.2162 1.11079 1.95571 2.77331 0.02
-8.79063 37.6593 -66.9033 1.55452 1.95571 2.77331 0.16
-9.02796 37.8785 -66.5513 2.05372 1.95571 2.77331 0.18
-9.10037 37.9217 -66.4731 2.16465 1.95571 2.77331 0.04
-9.40859 38.0374 -66.1993 2.55292 1.95571 2.77331 0.14
-9.45911 38.0479 -66.1602 2.60838 1.95571 2.77331 0.02
-9.84981 38.0662 -65.8864 2.99665 1.95571 2.77331 0.14
-9.90995 38.0597 -65.8472 3.05211 1.95571 2.77331 0.02
-10.8084 37.8273 -65.5946 3.15127 0.842034 0.330512 0.3
-11.0403 37.7258 -65.5273 3.17771 0.842034 0.330512 0.08
-11.9261 37.1122 -65.2019 2.83559 0.903908 -0.950337 0.36
-12.5187 36.3017 -64.8584 2.47446 0.903908 -0.950337 0.38
-12.74 35.6404 -64.5872 2.18936 0.903908 -0.950337 0.3
-12.7655 35.4702 -64.5149 2.11333 0.903908 -0.950337 0.08
-12.7027 34.2493 -64.1801 1.84859 0.540042 -0.426999 0.62
-12.6943 34.2134 -64.1693 1.84005 0.540042 -0.426999 0.02
-12.5983 33.9072 -64.0318 2.17466 0.859133 2.09134 0.16
-12.3598 33.4358 -63.8428 2.63476 0.859133 2.09134 0.22
-11.796 32.7574 -63.5851 3.26216 0.859133 2.09134 0.3
-11.647 32.6248 -63.5335 3.38764 0.859133 2.09134 0.06
-10.8808 31.7733 -63.7962 4.27077 -0.875709 2.94376 0.3
-10.8324 31.7022 -63.8137 4.32965 -0.875709 2.94376 0.02
-10.7846 31.6293 -63.8312 4.38852 -0.875709 2.94376 0.02
-10.0848 30.0107 -64.1465 5.44828 -0.875709 2.94376 0.36
-10.058 29.9045 -64.164 5.50715 -0.875709 2.94376 0.02
-9.70505 29.029 -63.8703 5.01956 1.63154 -2.70884 0.18
-9.03315 28.2441 -63.5114 4.42362 1.63154 -2.70884 0.22
-8.96387 28.19 -63.4788 4.36944 1.63154 -2.70884 0.02
-8.89497 28.1371 -63.4944 4.31672 -0.780118 -2.63584 0.02
-7.97188 27.2054 -63.7596 3.42054 -0.780118 -2.63584 0.34
-7.89279 27.0964 -63.7908 3.31511 -0.780118 -2.63584 0.04
-7.8557 27.0414 -63.8285 3.32188 -1.88414 0.338726 0.02
-7.6196 26.4892 -64.1676 3.38285 -1.88414 0.338726 0.18
-7.57993 25.879 -64.5068 3.44382 -1.88414 0.338726 0.18
-7.74846 25.2799 -64.8459 3.50479 -1.88414 0.338726 0.18
-8.06373 24.8135 -65.1474 3.55899 -1.88414 0.338726 0.16
-8.57328 24.4213 -65.4865 3.61996 -1.88414 0.338726 0.18
-9.19466 24.2175 -65.8257 3.68093 -1.88414 0.338726 0.18
-9.85936 24.2323 -66.1648 3.7419 -1.88414 0.338726 0.18
-10.4915 24.4713 -66.504 3.80287 -1.88414 0.338726 0.18
-10.8008 24.6944 -66.6924 3.83674 -1.88414 0.338726 0.1
-11.0164 24.914 -66.8431 3.86384 -1.88414 0.338726 0.08
-11.2093 25.1468 -66.8624 3.69474 -0.240625 -2.11371 0.08
-11.5963 25.6449 -66.9057 3.31428 -0.240625 -2.11371 0.18
-11.8546 26.0052 -66.9394 3.01836 -0.240625 -2.11371 0.14
-12.1702 26.6149 -67.1981 2.71894 -1.07815 -1.24759 0.24
-12.2992 27.1666 -67.4353 2.44447 -1.07815 -1.24759 0.22
-12.3118 27.3577 -67.5216 2.34466 -1.07815 -1.24759 0.08
-12.3105 27.4961 -67.5863 2.2698 -1.07815 -1.24759 0.06
-12.3093 27.5417 -67.5536 2.28948 1.63363 0.984061 0.02
-12.3092 27.5879 -67.5403 2.33099 0.664913 2.07504 0.02
-12.5018 28.7948 -67.2477 3.244 0.664913 2.07504 0.44
-12.5635 28.9833 -67.2078 3.36851 0.664913 2.07504 0.06
-13.4542 30.6027 -66.8887 4.36453 0.664913 2.07504 0.48
-13.5081 30.6718 -66.8754 4.40603 0.664913 2.07504 0.02
-13.8744 31.3133 -67.1704 4.8615 -1.84402 2.84669 0.16
-14.0612 32.211 -67.5024 5.3739 -1.84402 2.84669 0.18
-14.0637 32.3191 -67.5392 5.43084 -1.84402 2.84669 0.02
-14.0567 32.5384 -67.613 5.5447 -1.84402 2.84669 0.04
-14.0483 32.6484 -67.6273 5.48665 -0.713263 -2.90251 0.02
-13.7114 34.3081 -67.8698 4.4998 -0.713263 -2.90251 0.34
-13.6522 34.4756 -67.8983 4.3837 -0.713263 -2.90251 0.04
-12.9778 35.7613 -68.1693 3.28074 -0.713263 -2.90251 0.38
-12.9009 35.8648 -68.1979 3.16464 -0.713263 -2.90251 0.04
-12.2754 36.529 -68.4141 2.21301 -0.635908 -2.79893 0.34
-11.9656 36.7599 -68.5413 1.65322 -0.635908 -2.79893 0.2
-11.7267 36.895 -68.6684 1.09343 -0.635908 -2.79893 0.2
-11.5342 36.9693 -68.8719 0.197778 -0.635908 -2.79893 0.32
-11.5276 36.9708 -68.9101 0.0298418 -0.635908 -2.79893 0.06
-11.7391 36.9638 -69.1645 -1.08973 -0.635908 -2.79893 0.4
-11.7614 36.9651 -69.1772 -1.14571 -0.635908 -2.79893 0.02
-11.7839 36.9663 -69.1558 -1.1099 1.06642 1.79028 0.02
-11.9975 36.9498 -68.8999 -0.680236 1.06642 1.79028 0.24
-12.1157 36.9074 -68.5586 -0.107347 1.06642 1.79028 0.32
-12.1181 36.9059 -68.516 -0.0357355 1.06642 1.79028 0.04
-12.0765 36.9492 -68.2174 0.465543 1.06642 1.79028 0.28
-11.9657 37.1616 -67.8761 1.03843 1.06642 1.79028 0.32
-11.9591 37.1816 -67.8548 1.07424 1.06642 1.79028 0.02
-11.7658 37.5379 -68.2033 1.64122 -1.16154 1.88994 0.3
-11.3741 37.8968 -68.5285 2.1704 -1.16154 1.88994 0.28
-11.092 38.0522 -68.6911 2.435 -1.16154 1.88994 0.14
-10.8559 38.1425 -68.8073 2.62399 -1.16154 1.88994 0.1
-10.701 38.1858 -68.877 2.73739 -1.16154 1.88994 0.06
-9.86624 38.2448 -69.2022 3.26657 -1.16154 1.88994 0.28
-9.05247 38.0547 -69.481 3.72016 -1.16154 1.88994 0.24
-8.84387 37.9662 -69.5507 3.83355 -1.16154 1.88994 0.06
-8.21622 37.586 -69.7644 4.33592 -1.18768 2.79091 0.18
-7.87685 37.2946 -69.8832 4.61501 -1.18768 2.79091 0.1
-7.05263 36.169 -70.2158 5.39647 -1.18768 2.79091 0.28
-7.00464 36.0717 -70.2395 5.45228 -1.18768 2.79091 0.02
-6.57589 34.628 -70.5483 6.17792 -1.18768 2.79091 0.26
-6.52599 33.8689 -70.6908 6.51283 -1.18768 2.79091 0.12
-6.60347 33.0997 -70.8822 6.39069 -1.59492 -1.01783 0.12
-6.69569 32.7296 -70.9779 6.32962 -1.59492 -1.01783 0.06
-7.33895 31.0803 -71.1414 5.48568 -0.544852 -2.81314 0.3
-7.74125 30.3412 -71.2286 5.03558 -0.544852 -2.81314 0.16
-8.16654 29.7 -71.3157 4.58547 -0.544852 -2.81314 0.16
-8.61572 29.2225 -71.5637 4.80383 -1.7712 1.55967 0.14
-8.76878 29.1044 -71.6345 4.86621 -1.7712 1.55967 0.04
-10.6415 28.095 -71.8943 4.40928 -0.56473 -0.993324 0.46
-10.8063 28.0347 -71.9169 4.36955 -0.56473 -0.993324 0.04
-11.6896 27.5441 -71.5787 4.08976 1.40921 -1.16578 0.24
-12.0381 27.2115 -71.4096 3.94987 1.40921 -1.16578 0.12
-12.3157 26.8384 -71.2405 3.80998 1.40921 -1.16578 0.12
-12.6472 26.0269 -70.9023 3.53019 1.40921 -1.16578 0.24
-12.6996 25.3484 -70.6204 3.29703 1.40921 -1.16578 0.2
-12.6874 25.2181 -70.5641 3.2504 1.40921 -1.16578 0.04
-12.6559 25.0278 -70.4795 3.18046 1.40921 -1.16578 0.06
-12.3836 24.1536 -70.276 2.21461 0.598593 -2.84073 0.34
-12.313 24.0011 -70.2281 1.98735 0.598593 -2.84073 0.08
-12.0728 23.5997 -70.0485 1.13513 0.598593 -2.84073 0.3
-11.9442 23.4479 -69.8929 0.39654 0.598593 -2.84073 0.26
-11.9244 23.4294 -69.8211 0.0556522 0.598593 -2.84073 0.12
-11.9239 23.429 -69.7825 0.00323958 1.9267 -2.62063 0.02
-11.9349 23.4356 -69.5899 -0.258823 1.9267 -2.62063 0.1
-12.0202 23.4596 -69.2431 -0.730537 1.9267 -2.62063 0.18
-12.1265 23.4602 -69.0119 -1.04501 1.9267 -2.62063 0.12
-12.193 23.4493 -68.8963 -1.20225 1.9267 -2.62063 0.06
-12.4301 23.3486 -68.5494 -1.67396 1.9267 -2.62063 0.18
-12.6547 23.1494 -68.2412 -2.09326 1.9267 -2.62063 0.16
-12.6813 23.1164 -68.2026 -2.14568 1.9267 -2.62063 0.02
-12.8427 22.8235 -67.8908 -2.05164 1.9489 0.587727 0.16
-12.9042 22.4709 -67.54 -1.94585 1.9489 0.587727 0.18
-12.8563 22.1721 -67.2282 -1.85181 1.9489 0.587727 0.16
-12.7048 21.8878 -66.8774 -1.74602 1.9489 0.587727 0.18
-12.5863 21.764 -66.6825 -1.68725 1.9489 0.587727 0.1
-12.5066 21.7034 -66.5656 -1.65199 1.9489 0.587727 0.06
-12.4508 21.6689 -66.4876 -1.62848 1.9489 0.587727 0.04
-12.4228 21.6527 -66.5087 -1.60417 -1.05223 1.21553 0.02
-12.0782 21.3649 -66.8454 -1.2152 -1.05223 1.21553 0.32
-12.0086 21.2728 -66.9506 -1.09364 -1.05223 1.21553 0.1
-11.9107 21.0863 -67.1821 -0.826226 -1.05223 1.21553 0.22
-11.8685 20.8895 -67.5188 -0.437257 -1.05223 1.21553 0.32
-11.8761 20.8125 -67.8555 -0.0482868 -1.05223 1.21553 0.32
-11.8763 20.8118 -67.8766 -0.0239762 -1.05223 1.21553 0.02
-11.8749 20.8151 -67.9818 0.0975769 -1.05223 1.21553 0.1
-11.8742 20.8164 -68.0202 0.045045 -1.9205 -2.62659 0.02
-11.8769 20.8125 -68.1738 -0.165082 -1.9205 -2.62659 0.08
-11.9303 20.7642 -68.5195 -0.637869 -1.9205 -2.62659 0.18
-12.0532 20.708 -68.8268 -1.05812 -1.9205 -2.62659 0.16
-12.0741 20.7022 -68.8652 -1.11066 -1.9205 -2.62659 0.02
-12.3149 20.6861 -69.2109 -1.58344 -1.9205 -2.62659 0.18
-12.5548 20.7435 -69.4798 -1.95117 -1.9205 -2.62659 0.14
-12.6251 20.7733 -69.552 -1.86483 -1.80502 2.15831 0.04
-12.8733 20.9406 -69.8769 -1.47634 -1.80502 2.15831 0.18
-13.0026 21.1034 -70.1657 -1.13101 -1.80502 2.15831 0.16
-13.0132 21.1229 -70.2018 -1.08784 -1.80502 2.15831 0.02
-13.0656 21.2742 -70.5267 -0.699345 -1.80502 2.15831 0.18
-13.0662 21.3704 -70.8877 -0.267683 -1.80502 2.15831 0.2
-13.0617 21.3864 -71.1043 -0.0086852 -1.80502 2.15831 0.12
-13.0633 21.3834 -71.2126 0.120813 -1.80502 2.15831 0.06
-13.0655 21.38 -71.3307 0.0153054 -1.96843 -1.75847 0.06
-13.0576 21.3874 -71.5669 -0.195711 -1.96843 -1.75847 0.12
-13.0109 21.4136 -71.8818 -0.477066 -1.96843 -1.75847 0.16
-12.899 21.4343 -72.2362 -0.79359 -1.96843 -1.75847 0.18
-12.7517 21.4128 -72.5511 -1.07494 -1.96843 -1.75847 0.16
-12.5557 21.311 -72.9054 -1.39147 -1.96843 -1.75847 0.18
-12.4126 21.1632 -73.2189 -1.18987 -1.95947 1.25998 0.16
-12.3765 21.1044 -73.3365 -1.11427 -1.95947 1.25998 0.06
-12.3308 20.9887 -73.5717 -0.963076 -1.95947 1.25998 0.12
-12.3006 20.6777 -73.9079 -0.689208 -0.884868 0.720706 0.38
-12.3492 20.4745 -74.2441 -0.41534 -0.884868 0.720706 0.38
-12.4049 20.3851 -74.5804 -0.141471 -0.884868 0.720706 0.38
-12.4148 20.3756 -74.7397 -0.0117443 -0.884868 0.720706 0.18
-12.4137 20.3764 -74.8105 0.0459121 -0.884868 0.720706 0.08
-12.4094 20.3789 -74.9225 0.0790079 -1.40029 0.413697 0.08
-12.3799 20.3876 -75.2586 0.178295 -1.40029 0.413697 0.24
-12.3255 20.3854 -75.5946 0.277583 -1.40029 0.413697 0.24
-12.2527 20.3569 -75.9307 0.37687 -1.40029 0.413697 0.24
-12.1753 20.2907 -76.2668 0.476157 -1.40029 0.413697 0.24
-12.1632 20.2756 -76.3228 0.492705 -1.40029 0.413697 0.04
-12.0433 20.0509 -76.6063 0.926766 -0.787472 1.20573 0.36
-12.0062 19.9369 -76.7008 1.07145 -0.787472 1.20573 0.12
-11.9523 19.566 -76.937 1.43317 -0.787472 1.20573 0.3
-11.9574 19.3537 -77.0473 1.60197 -0.787472 1.20573 0.14
-11.9893 19.1827 -77.267 1.30252 -1.83139 -2.49547 0.12
-12.024 19.093 -77.4135 1.10288 -1.83139 -2.49547 0.08
-12.0735 19.0089 -77.5967 0.853333 -1.83139 -2.49547 0.1
-12.1522 18.9282 -77.9263 0.404149 -1.83139 -2.49547 0.18
-12.1806 18.9121 -78.2193 0.00487373 -1.83139 -2.49547 0.16
-12.1802 18.9123 -78.256 -0.0450356 -1.83139 -2.49547 0.02
-12.1216 18.9151 -78.6222 -0.544129 -1.83139 -2.49547 0.2
-11.9886 18.8793 -78.9519 -0.993313 -1.83139 -2.49547 0.18
-11.9701 18.8708 -78.9885 -1.04322 -1.83139 -2.49547 0.02
-11.8069 18.7584 -79.2815 -1.4425 -1.83139 -2.49547 0.16
-11.6245 18.5218 -79.6112 -1.89168 -1.83139 -2.49547 0.18
-11.545 18.3368 -79.7943 -2.14123 -1.83139 -2.49547 0.1
-11.5321 18.2955 -79.8203 -2.18499 -1.2973 -2.18818 0.02
-11.4334 18.0471 -79.646 -2.27504 1.45226 -0.750396 0.12
-11.0957 17.5945 -79.2975 -2.45513 1.45226 -0.750396 0.24
-10.8608 17.4084 -79.1232 -2.54518 1.45226 -0.750396 0.12
-10.6357 17.2824 -78.978 -2.62022 1.45226 -0.750396 0.1
-10.0106 17.1148 -78.6294 -2.80032 1.45226 -0.750396 0.24
-9.95456 17.1106 -78.6004 -2.81532 1.45226 -0.750396 0.02
-8.45097 17.2554 -78.2945 -3.25045 0.611798 -0.870248 0.5
-8.38784 17.2717 -78.2822 -3.26785 0.611798 -0.870248 0.02
-7.78006 17.5351 -77.971 -2.77841 1.41467 2.22472 0.22
-7.33406 17.9362 -77.6315 -2.24448 1.41467 2.22472 0.24
-7.30723 17.9717 -77.6032 -2.19999 1.41467 2.22472 0.02
-7.10746 18.3507 -77.292 -1.71055 1.41467 2.22472 0.22
-7.05127 18.6909 -76.9525 -1.17661 1.41467 2.22472 0.24
-7.05198 18.714 -76.9242 -1.13212 1.41467 2.22472 0.02
-7.08797 18.9051 -76.6129 -0.642678 1.41467 2.22472 0.22
-7.12989 18.9845 -76.2734 -0.108744 1.41467 2.22472 0.24
-7.13158 18.9864 -76.2168 -0.0197549 1.41467 2.22472 0.04
-7.22264 19.0536 -75.9383 -0.73623 0.928243 -2.38825 0.3
-7.33526 19.1109 -75.8084 -1.07059 0.928243 -2.38825 0.14
-7.4465 19.1531 -75.7156 -1.30941 0.928243 -2.38825 0.1
-7.53944 19.1785 -75.6107 -1.10016 1.31092 2.61562 0.08
-7.73573 19.1917 -75.2699 -0.420099 1.31092 2.61562 0.26
-7.76876 19.1851 -75.0601 -0.00159872 1.31092 2.61562 0.16
-7.75701 19.1904 -74.929 0.259964 1.31092 2.61562 0.1
-7.69995 19.2341 -74.6001 0.541654 1.82749 1.56495 0.18
-7.63121 19.3352 -74.2711 0.823345 1.82749 1.56495 0.18
-7.58781 19.4801 -73.9787 1.07374 1.82749 1.56495 0.16
-7.58493 19.5017 -73.9422 1.10504 1.82749 1.56495 0.02
-7.59741 19.7246 -73.6132 1.38673 1.82749 1.56495 0.18
-7.69989 19.9784 -73.2843 1.66842 1.82749 1.56495 0.18
-7.94225 20.2486 -72.9188 1.98141 1.82749 1.56495 0.2
-8.15402 20.3787 -72.6995 2.1692 1.82749 1.56495 0.12
-8.27706 20.4289 -72.5898 2.2631 1.82749 1.56495 0.06
-8.70194 20.4999 -72.2609 2.54479 1.82749 1.56495 0.18
-9.17679 20.4217 -71.9319 2.82648 1.82749 1.56495 0.18
-9.6455 20.1707 -71.603 3.10817 1.82749 1.56495 0.18
-9.7423 20.0907 -71.5299 3.17077 1.82749 1.56495 0.04
-9.79044 20.0492 -71.561 3.18443 -1.55505 0.682996 0.02
-10.109 19.8304 -71.7476 3.26639 -1.55505 0.682996 0.12
-10.4086 19.6926 -71.9031 3.33469 -1.55505 0.682996 0.1
-10.7995 19.5887 -72.0897 3.41665 -1.55505 0.682996 0.12
-11.0733 19.56 -72.2141 3.47129 -1.55505 0.682996 0.08
-11.8432 19.6604 -72.5562 3.62155 -1.55505 0.682996 0.22
-12.5641 20.0282 -72.8983 3.7718 -1.55505 0.682996 0.22
-13.1424 20.6404 -73.2404 3.92206 -1.55505 0.682996 0.22
-13.4952 21.4413 -73.5825 4.07232 -1.55505 0.682996 0.22
-13.5435 21.682 -73.6758 4.1133 -1.55505 0.682996 0.06
-13.5633 21.8458 -73.738 4.14062 -1.55505 0.682996 0.04
-13.5651 22.3353 -73.9105 4.02735 -1.43683 -0.943936 0.12
-13.3304 23.2401 -74.2553 3.80081 -1.43683 -0.943936 0.24
-12.8835 23.9156 -74.5714 3.59314 -1.43683 -0.943936 0.22
-12.2251 24.4227 -74.9162 3.3666 -1.43683 -0.943936 0.24
-11.9826 24.5324 -75.0312 3.29108 -1.43683 -0.943936 0.08
-11.612 24.6967 -74.9315 3.46835 0.830593 1.47728 0.12
-10.8756 25.1666 -74.7322 3.8229 0.830593 1.47728 0.24
-10.4074 25.5882 -74.5993 4.05927 0.830593 1.47728 0.16
-9.87385 26.2376 -74.4332 4.35472 0.830593 1.47728 0.2
-9.42555 27.0174 -74.267 4.65018 0.830593 1.47728 0.2
-9.38654 27.1021 -74.2504 4.67973 0.830593 1.47728 0.02
-9.16959 27.9021 -73.9328 4.56865 1.7646 -0.617104 0.18
-9.21227 28.7099 -73.6152 4.45757 1.7646 -0.617104 0.18
-9.41515 29.292 -73.3681 4.37117 1.7646 -0.617104 0.14
-9.54307 29.5195 -73.2623 4.33415 1.7646 -0.617104 0.06
-9.92616 30.3906 -73.5732 3.62778 -1.29538 -2.9432 0.24
-9.99199 30.7322 -73.7027 3.33346 -1.29538 -2.9432 0.1
-10.0037 31.2268 -73.91 2.86255 -1.29538 -2.9432 0.16
-9.88282 31.7702 -74.1949 2.21504 -1.29538 -2.9432 0.22
-9.84978 31.8498 -74.2467 2.09732 -1.29538 -2.9432 0.04
-9.60839 32.2222 -74.5835 1.33208 -1.29538 -2.9432 0.26
-9.53831 32.2894 -74.6872 1.09663 -1.29538 -2.9432 0.08
-9.4156 32.3746 -74.9203 0.566853 -1.29538 -2.9432 0.18
-9.36552 32.3955 -75.1535 0.0370777 -1.29538 -2.9432 0.18
-9.37188 32.3944 -75.2571 -0.198378 -1.29538 -2.9432 0.08
-9.52202 32.4041 -75.5939 -0.96361 -1.29538 -2.9432 0.26
-9.56191 32.4131 -75.6458 -1.08134 -1.29538 -2.9432 0.04
-9.60366 32.425 -75.708 -1.09036 -1.55522 -0.225526 0.04
-9.74484 32.4879 -75.9257 -1.12193 -1.55522 -0.225526 0.14
-9.90569 32.6149 -76.2056 -1.16253 -1.55522 -0.225526 0.18
-9.93689 32.6496 -76.2678 -1.17155 -1.55522 -0.225526 0.04
-9.95166 32.6671 -76.2632 -1.1121 0.23274 2.97249 0.02
-10.0909 32.8212 -76.1794 -0.0420009 0.23274 2.97249 0.36
-9.94172 32.69 -76.091 1.08755 0.23274 2.97249 0.38
-9.86686 32.6291 -76.0723 1.32535 0.23274 2.97249 0.08
-9.75012 32.5178 -76.2465 1.36659 -1.45167 0.34373 0.12
-9.57539 32.2306 -76.5949 1.44909 -1.45167 0.34373 0.24
-9.5053 31.8817 -76.9434 1.53158 -1.45167 0.34373 0.24
-9.55168 31.541 -77.2627 1.6072 -1.45167 0.34373 0.22
-9.72972 31.19 -77.6111 1.6897 -1.45167 0.34373 0.24
-10.002 30.9271 -77.9305 1.76532 -1.45167 0.34373 0.22
-10.3934 30.7458 -78.2789 1.84782 -1.45167 0.34373 0.24
-10.7932 30.5698 -77.9789 2.13831 1.3638 1.32042 0.22
-10.8293 30.5464 -77.9516 2.16472 1.3638 1.32042 0.02
-11.2334 30.1658 -77.6243 2.48162 1.3638 1.32042 0.24
-11.5293 29.6087 -77.297 2.79852 1.3638 1.32042 0.24
-11.6428 28.9114 -76.9696 3.11542 1.3638 1.32042 0.24
-11.6291 28.6584 -76.8605 3.22105 1.3638 1.32042 0.08
-11.6188 28.5313 -76.9168 3.15836 -1.40695 -1.56721 0.04
-11.6989 27.8263 -77.2545 2.78223 -1.40695 -1.56721 0.24
-11.9685 27.2684 -77.5922 2.4061 -1.40695 -1.56721 0.24
-12.0261 27.1929 -77.6484 2.34341 -1.40695 -1.56721 0.04
-12.1802 27.0271 -77.7891 2.18669 -1.40695 -1.56721 0.1
-12.3438 26.8944 -77.9298 2.02997 -1.40695 -1.56721 0.1
-12.7406 26.7043 -78.2675 1.65384 -1.40695 -1.56721 0.24
-12.7722 26.6959 -78.2956 1.6225 -1.40695 -1.56721 0.02
-13.0689 26.6633 -78.5835 1.10037 -1.30834 -2.37328 0.22
-13.0904 26.6645 -78.6096 1.05291 -1.30834 -2.37328 0.02
-13.2786 26.7059 -78.9498 0.435855 -1.30834 -2.37328 0.26
-13.3138 26.7247 -79.1853 0.00866474 -1.30834 -2.37328 0.18
-13.3086 26.7202 -79.29 -0.181198 -1.30834 -2.37328 0.08
-13.2355 26.6166 -79.6301 -0.798251 -1.30834 -2.37328 0.26
-13.1918 26.5126 -79.7871 -1.08304 -1.30834 -2.37328 0.12
-13.1566 26.37 -79.9441 -1.36784 -1.30834 -2.37328 0.12
-13.1457 26.2844 -80.0226 -1.51023 -1.30834 -2.37328 0.06
-13.1426 26.254 -79.9925 -1.5448 1.50879 -1.72812 0.02
-13.0339 25.8899 -79.6605 -1.92498 1.50879 -1.72812 0.22
-12.8825 25.6474 -79.4493 -2.16692 1.50879 -1.72812 0.14
-12.7311 25.4808 -79.2984 -2.33973 1.50879 -1.72812 0.1
-12.2703 25.1733 -78.9665 -2.71992 1.50879 -1.72812 0.22
-11.654 25.0112 -78.6346 -3.1001 1.50879 -1.72812 0.22
-11.5918 25.0063 -78.6044 -3.13467 1.50879 -1.72812 0.02
-10.8689 25.0608 -78.313 -2.46182 1.12057 2.58785 0.26
-10.8215 25.0723 -78.2906 -2.41007 1.12057 2.58785 0.02
-10.645 25.1256 -78.201 -2.20304 1.12057 2.58785 0.08
-10.267 25.311 -77.9545 -1.63371 1.12057 2.58785 0.22
-10.0554 25.4857 -77.7303 -1.11614 1.12057 2.58785 0.2
-9.9913 25.5607 -77.6183 -0.857356 1.12057 2.58785 0.1
-9.9207 25.6818 -77.2821 -0.0810002 1.12057 2.58785 0.3
-9.92037 25.6829 -77.2597 -0.0292432 1.12057 2.58785 0.02
-9.92751 25.5901 -76.9459 0.695355 1.12057 2.58785 0.28
-9.92305 25.5264 -76.8563 0.902383 1.12057 2.58785 0.08
-9.91812 25.4674 -76.9133 1.07131 -0.949289 2.8155 0.06
-9.9171 25.4455 -76.9322 1.12762 -0.949289 2.8155 0.02
-9.93797 25.244 -77.2606 0.437005 -1.26288 -2.65622 0.26
-9.95063 25.2104 -77.4626 0.0120095 -1.26288 -2.65622 0.16
-9.9407 25.225 -77.6142 -0.306737 -1.26288 -2.65622 0.12
-9.81516 25.3379 -77.9425 -0.997355 -1.26288 -2.65622 0.26
-9.79808 25.3492 -77.9678 -1.05048 -1.26288 -2.65622 0.02
-9.49766 25.4793 -78.2709 -1.68797 -1.26288 -2.65622 0.24
-9.15545 25.5313 -78.4982 -2.16609 -1.26288 -2.65622 0.18
-8.97375 25.5295 -78.5992 -2.37859 -1.26288 -2.65622 0.08
-8.23034 25.3442 -78.9528 -3.12233 -1.26288 -2.65622 0.28
-8.11535 25.2903 -79.0034 -3.22858 -1.26288 -2.65622 0.04
-7.48088 24.8504 -79.2812 -3.81295 -1.26288 -2.65622 0.22
-7.3148 24.6862 -79.357 -3.97232 -1.26288 -2.65622 0.06
-6.98353 24.231 -79.6048 -4.09081 -1.77026 -0.846343 0.14
-6.71624 23.4445 -79.9589 -4.26008 -1.77026 -0.846343 0.2
-6.69295 22.9287 -80.1713 -4.36164 -1.77026 -0.846343 0.12
-6.72284 22.6673 -80.2775 -4.41242 -1.77026 -0.846343 0.06
-7.02546 21.8253 -80.6316 -4.58169 -1.77026 -0.846343 0.2
-7.07255 21.7465 -80.667 -4.59862 -1.77026 -0.846343 0.02
-7.62902 21.1013 -80.9744 -4.90519 -1.70813 -1.7032 0.18
-8.4014 20.626 -81.2819 -5.21177 -1.70813 -1.7032 0.18
-9.11716 20.4209 -81.521 -5.45022 -1.70813 -1.7032 0.14
-9.44514 20.385 -81.6235 -5.55241 -1.70813 -1.7032 0.06
-10.5767 20.5153 -81.9651 -5.89305 -1.70813 -1.7032 0.2
-10.8018 20.5894 -82.0335 -5.96118 -1.70813 -1.7032 0.04
-11.548 20.9868 -82.3068 -6.15417 -1.95216 -1.37851 0.14
-12.2559 21.6906 -82.6191 -6.37473 -1.95216 -1.37851 0.16
-12.637 22.3633 -82.8534 -6.54015 -1.95216 -1.37851 0.12
-12.7687 22.7353 -82.9705 -6.62286 -1.95216 -1.37851 0.06
-12.8037 22.8625 -82.9963 -6.57018 -1.28872 2.63391 0.02
-12.9588 24.3495 -83.3056 -5.93804 -1.28872 2.63391 0.24
-12.7878 25.359 -83.5375 -5.46394 -1.28872 2.63391 0.18
-12.6463 25.7634 -83.6406 -5.25323 -1.28872 2.63391 0.08
-11.9798 26.8455 -83.9757 -4.56841 -1.28872 2.63391 0.26
-11.7939 27.0403 -84.053 -4.41038 -1.28872 2.63391 0.06
-11.6657 27.1584 -84.1046 -4.30502 -1.28872 2.63391 0.04
-10.843 27.8077 -84.2075 -3.76059 -0.395891 2.09398 0.26
-10.1906 28.2286 -84.2946 -3.29991 -0.395891 2.09398 0.22
-9.91154 28.3842 -84.3342 -3.09051 -0.395891 2.09398 0.1
-9.85738 28.413 -84.3354 -3.04209 -0.0579611 2.42116 0.02
-9.0634 28.8246 -84.3551 -2.2189 -0.0579611 2.42116 0.34
-8.37703 29.1613 -84.3817 -1.10516 -0.0579611 2.42116 0.46
-8.14833 29.2669 -84.4072 -0.0398526 -0.0579611 2.42116 0.44
-8.18546 29.2509 -84.4188 0.444379 -0.0579611 2.42116 0.2
-8.31943 29.1882 -84.3387 0.147367 0.160153 -0.594025 0.5
-8.33548 29.1795 -84.3003 0.00480125 0.160153 -0.594025 0.24
-8.39502 29.1284 -84.0191 0.51946 0.937417 1.71553 0.3
-8.41008 29.1122 -83.9816 0.588081 0.937417 1.71553 0.04
-8.48335 29.048 -84.3161 0.0635175 -1.11498 -1.74855 0.3
-8.48416 29.0476 -84.3384 0.0285466 -1.11498 -1.74855 0.02
-8.42593 29.0637 -84.6506 -0.461046 -1.11498 -1.74855 0.28
-8.19016 29.0569 -85.0074 -1.02058 -1.11498 -1.74855 0.32
-8.14884 29.0483 -85.052 -1.09052 -1.11498 -1.74855 0.04
-7.83204 28.9209 -85.3419 -1.54514 -1.11498 -1.74855 0.26
-7.41723 28.5756 -85.6764 -2.06971 -1.11498 -1.74855 0.3
-7.33681 28.4769 -85.7433 -2.17462 -1.11498 -1.74855 0.06
-7.16217 28.1678 -86.0138 -2.27692 -1.69065 -0.63939 0.16
-7.0653 27.712 -86.3519 -2.4048 -1.69065 -0.63939 0.2
-7.1144 27.2732 -86.6562 -2.51989 -1.69065 -0.63939 0.18
-7.12833 27.2247 -86.69 -2.53268 -1.69065 -0.63939 0.02
-7.30096 26.8683 -87.0018 -2.4372 -1.94864 0.59672 0.16
-7.60177 26.5655 -87.3526 -2.3298 -1.94864 0.59672 0.18
-7.92807 26.4049 -87.6643 -2.23432 -1.94864 0.59672 0.16
-8.10037 26.3659 -87.8202 -2.18658 -1.94864 0.59672 0.08
-8.31546 26.3557 -88.0151 -2.12691 -1.94864 0.59672 0.1
-8.67742 26.4383 -88.3658 -2.0195 -1.94864 0.59672 0.18
-8.94432 26.6042 -88.6776 -1.92403 -1.94864 0.59672 0.16
-9.15598 26.8637 -89.0284 -1.81662 -1.94864 0.59672 0.18
-9.2533 27.1283 -89.3402 -1.72114 -1.94864 0.59672 0.16
-9.2593 27.162 -89.3791 -1.70921 -1.94864 0.59672 0.02
-9.36485 27.4898 -89.0592 -1.43454 1.4542 1.24848 0.22
-9.54902 27.7352 -88.7102 -1.13491 1.4542 1.24848 0.24
-9.56573 27.7502 -88.6811 -1.10994 1.4542 1.24848 0.02
-9.68019 27.8522 -88.7037 -1.4463 -0.18826 -2.80306 0.12
-10.0197 28.1783 -88.7527 -2.1751 -0.18826 -2.80306 0.26
-10.7168 28.9348 -88.8242 -3.24026 -0.18826 -2.80306 0.38
-10.8025 29.035 -88.8317 -3.35238 -0.18826 -2.80306 0.04
-11.481 30.025 -89.0339 -3.71993 -0.594629 -1.08101 0.34
-12.2094 32.1457 -89.3669 -4.32529 -0.594629 -1.08101 0.56
-12.2234 32.2313 -89.3788 -4.34691 -0.594629 -1.08101 0.02
-12.2699 32.5794 -89.4264 -4.4334 -0.594629 -1.08101 0.08
-12.2544 33.1963 -89.6949 -4.40915 -1.91847 0.173154 0.14
-11.9979 33.9403 -90.0403 -4.37799 -1.91847 0.173154 0.18
-11.9074 34.09 -90.117 -4.37106 -1.91847 0.173154 0.04
-11.5724 34.4905 -90.3472 -4.35028 -1.91847 0.173154 0.12
-10.9258 34.9202 -90.6925 -4.31911 -1.91847 0.173154 0.18
-10.8461 34.9534 -90.7309 -4.31565 -1.91847 0.173154 0.02
-9.92221 35.5049 -90.4009 -3.99875 1.26936 1.21885 0.26
-9.2798 36.2634 -90.0708 -3.68185 1.26936 1.21885 0.26
-8.93471 37.1784 -89.7154 -3.34057 1.26936 1.21885 0.28
-8.91427 37.3095 -89.6647 -3.29182 1.26936 1.21885 0.04
-8.8755 38.015 -89.5099 -2.60256 0.644823 2.87192 0.24
-8.89879 38.3503 -89.4196 -2.20049 0.644823 2.87192 0.14
-8.91585 38.476 -89.3809 -2.02817 0.644823 2.87192 0.06
-8.91752 38.8583 -89.6869 -1.80955 -1.52991 1.09313 0.2
-8.80264 39.2099 -90.0235 -1.56906 -1.52991 1.09313 0.22
-8.61021 39.4621 -90.3601 -1.32857 -1.52991 1.09313 0.22
-8.40942 39.5988 -90.6661 -1.10994 -1.52991 1.09313 0.2
-8.38939 39.6079 -90.6967 -1.08808 -1.52991 1.09313 0.02
-8.36981 39.6162 -90.7108 -1.04091 -0.706242 2.35856 0.02
-8.1504 39.6821 -91.0215 -0.00313778 -0.706242 2.35856 0.44
-8.15216 39.6819 -91.0498 0.0912048 -0.706242 2.35856 0.04
-8.39561 39.7147 -91.3464 1.0818 -0.706242 2.35856 0.42
-8.4624 39.7326 -91.3888 1.22332 -0.706242 2.35856 0.06
-9.07473 40.0186 -91.6713 2.16674 -0.706242 2.35856 0.4
-9.22464 40.1198 -91.7278 2.35543 -0.706242 2.35856 0.08
-10.0074 40.4979 -91.3939 2.78226 0.981834 1.25538 0.34
-10.8241 40.6193 -91.119 3.13376 0.981834 1.25538 0.28
-11.0143 40.6162 -91.0601 3.20909 0.981834 1.25538 0.06
-11.9372 40.6456 -91.2261 2.22856 -0.488045 -2.88389 0.34
-12.5164 40.76 -91.392 1.24804 -0.488045 -2.88389 0.34
-12.5619 40.7739 -91.4115 1.13268 -0.488045 -2.88389 0.04
-12.769 40.854 -91.597 0.0368035 -0.488045 -2.88389 0.38
-12.6954 40.806 -91.7239 -0.713009 -0.488045 -2.88389 0.26
-12.6106 40.7418 -91.7824 -1.05908 -0.488045 -2.88389 0.12
-12.5937 40.728 -91.7922 -1.11675 -0.488045 -2.88389 0.02
-12.5768 40.7138 -91.8155 -1.09447 -1.16381 1.11425 0.02
-12.3575 40.4884 -92.0619 -0.117508 -0.473822 1.87877 0.52
-12.3555 40.4854 -92.0903 -0.00478153 -0.473822 1.87877 0.06
-12.4781 40.7729 -92.3651 1.08491 -0.473822 1.87877 0.58
-12.4981 40.8384 -92.3935 1.19763 -0.473822 1.87877 0.06
-12.5564 41.0773 -92.4788 1.53581 -0.473822 1.87877 0.18
-12.5737 41.2757 -92.7071 1.31539 -1.63043 -1.57441 0.14
-12.5501 41.4424 -92.9353 1.09497 -1.63043 -1.57441 0.14
-12.5239 41.5207 -93.0658 0.969022 -1.63043 -1.57441 0.08
-12.4872 41.5933 -93.2219 1.06874 -1.95189 1.24651 0.08
-12.4349 41.6659 -93.3781 1.16846 -1.95189 1.24651 0.08
-12.2579 41.8117 -93.7294 1.39283 -1.95189 1.24651 0.18
-12.0352 41.8952 -94.0417 1.59228 -1.95189 1.24651 0.16
-11.7301 41.9033 -94.3931 1.81665 -1.95189 1.24651 0.18
-11.4027 41.7932 -94.7444 2.04102 -1.95189 1.24651 0.18
-11.2288 41.6754 -94.9396 2.16567 -1.95189 1.24651 0.1
-11.1322 41.5853 -95.0567 2.24046 -1.95189 1.24651 0.06
-10.8762 41.3668 -94.8567 2.57484 1.42876 2.38844 0.14
-10.7422 41.2818 -94.7709 2.71815 1.42876 2.38844 0.06
-10.1313 41.0509 -94.4566 3.2436 1.42876 2.38844 0.22
-10.0672 41.0382 -94.428 3.29137 1.42876 2.38844 0.02
-9.24114 40.7523 -94.7315 3.45871 -1.16733 0.643602 0.26
-8.40315 40.1013 -95.0817 3.65179 -1.16733 0.643602 0.3
-7.83844 39.2243 -95.4086 3.832 -1.16733 0.643602 0.28
-7.56719 38.0836 -95.7588 4.02508 -1.16733 0.643602 0.3
-7.5612 37.841 -95.8288 4.0637 -1.16733 0.643602 0.06
-7.60628 37.4231 -96.021 4.35679 -1.92154 2.93099 0.1
-7.62557 37.3375 -96.0594 4.41541 -1.92154 2.93099 0.02
-7.96503 36.5713 -96.4053 4.94299 -1.92154 2.93099 0.18
-8.5231 35.9635 -96.7127 5.41195 -1.92154 2.93099 0.16
-8.60924 35.897 -96.7512 5.47057 -1.92154 2.93099 0.02
-9.81536 34.6776 -96.4374 4.65976 0.922732 -2.38473 0.34
-10.105 34.2198 -96.3267 4.37359 0.922732 -2.38473 0.12
-10.4862 33.3181 -96.1053 3.80126 0.922732 -2.38473 0.24
-10.6251 32.6202 -95.9207 3.32431 0.922732 -2.38473 0.2
-10.6313 32.5545 -95.9023 3.27661 0.922732 -2.38473 0.02
-10.6355 32.2959 -95.767 3.19419 1.69137 -1.03036 0.08
-10.5019 31.6953 -95.4287 2.98811 1.69137 -1.03036 0.2
-10.1983 31.2078 -95.0904 2.78204 1.69137 -1.03036 0.2
-9.82704 30.9001 -94.786 2.59658 1.69137 -1.03036 0.18
-9.78219 30.8743 -94.7521 2.57597 1.69137 -1.03036 0.02
-8.92571 30.5686 -94.4213 2.23228 0.870692 -0.904436 0.38
-8.83823 30.5548 -94.3864 2.19611 0.870692 -0.904436 0.04
-8.14637 30.5587 -94.0904 1.8886 0.870692 -0.904436 0.34
-7.52937 30.7613 -93.7595 1.54491 0.870692 -0.904436 0.38
-7.42482 30.8216 -93.6899 1.47256 0.870692 -0.904436 0.08
-7.39987 30.8366 -93.7192 1.44225 -1.46503 -1.51557 0.02
-7.13982 30.9388 -94.0415 1.10882 -1.46503 -1.51557 0.22
-7.11835 30.943 -94.0708 1.07851 -1.46503 -1.51557 0.02
-6.94151 30.9464 -94.3967 0.895438 -1.81073 -1.01706 0.18
-6.80412 30.903 -94.7227 0.712368 -1.81073 -1.01706 0.18
-6.70712 30.8299 -95.0848 0.508955 -1.81073 -1.01706 0.2
-6.66595 30.7674 -95.4107 0.325885 -1.81073 -1.01706 0.18
-6.6549 30.7269 -95.7367 0.142814 -1.81073 -1.01706 0.18
