-40 -40 0 0 0 0 0
-39.9939 -39.9949 1.03658 0.0281165 1.78721 0.0484767 0.58
-39.7448 -38.2709 1.62496 3.00479 0.507227 2.56609 1.16
-39.95 -36.5253 2.15692 -1.19024 0.27706 -2.18491 1.92
-37.8486 -37.6172 3.14946 -1.3282 0.506398 -0.0703836 1.96
-36.1019 -37.2625 3.49589 -2.65184 0.384924 -1.47071 0.9
-33.8737 -37.1163 2.90781 -2.38238 -0.653423 0.2994 0.9
-33.0387 -37.7414 2.09635 -2.49147 -1.84422 -0.247945 0.44
-31.0718 -33.0587 5.77158 -7.27223 1.99741 -2.59823 1.84
-32.7091 -26.3367 3.95026 -4.07576 -1.30094 2.28319 1.4
-31.0911 -20.949 4.81642 -6.86972 0.817137 -2.63581 1.06
-30.7009 -15.0273 4.4854 -8.03463 -0.413776 -1.45613 0.8
-30.5517 -12.9467 4.79594 -8.07536 1.19437 -0.156665 0.26
-24.4775 -1.67821 3.6831 -10.1455 -0.751919 -1.39877 1.48
-22.7803 -0.211117 4.02453 -10.3488 1.55197 -0.923832 0.22
-14.827 1.95459 2.76585 -9.23478 -1.39854 1.23778 0.9
-11.8849 -0.255863 2.22114 -8.50695 -1.29693 1.73293 0.42
-10.9068 -9.54997 1.17065 -10.684 -1.02989 -2.13437 1.02
-12.8405 -22.4788 1.65618 -13.3185 0.441394 -2.39502 1.1
1.32033 -38.8547 2.91676 -12.9908 0.716239 0.186223 1.76
3.68631 -39.1199 3.14173 -13.5183 1.24985 -2.93085 0.18
10.2912 -24.6172 5.56831 -9.87855 1.37873 2.06805 1.76
9.31659 -6.86979 4.01327 -11.7637 -0.854414 -1.03581 1.82
9.86953 1.58756 5.33048 -9.44048 1.53164 2.70145 0.86
8.74855 2.80914 5.58112 -9.02974 1.39244 2.28191 0.18
8.06638 12.5928 4.04514 -11.4174 -1.44904 -2.25247 1.06
16.8956 21.2594 3.77767 -8.59667 -0.215699 2.27474 1.24
19.5262 26.1565 4.65767 -8.8046 1.33333 -0.315043 0.66
32.0692 32.4645 2.58811 -9.56077 -1.12476 -0.410958 1.84
42.3448 38.7788 4.82404 -8.94944 1.38021 0.377359 1.62
