-1.5708 0 0 0
-1.63106 -0.419513 -1.7556 0.405
-1.64788 -0.419941 -0.683839 0.06
-1.49693 0.994034 2.67313 0.66
-1.38951 1.13686 2.66422 0.15
-1.06067 -0.0482813 1.34766 0.735
-1.25181 -1.62655 -2.96929 0.33
-1.77197 -2.15309 -1.34195 0.39
-2.15325 -1.97963 -2.78336 0.27
-2.39593 0.505445 1.21535 0.465
-1.95825 2.34477 0.443414 0.435
-1.83404 2.61404 2.24145 0.075
-1.10126 2.95116 2.26781 0.375
-0.54199 1.55146 0.959764 0.36
-0.41713 -0.00543524 -0.941024 0.24
-0.619595 -2.09567 -2.33902 0.285
-1.95485 -4.3765 -2.98244 0.555
-2.85104 -2.5561 0.0279553 0.375
-3.09533 0.885049 2.12255 0.435
-2.27831 4.40715 2.83735 0.45
0.109426 3.85344 2.61325 0.735
1.19649 1.77983 2.04112 0.63
1.56193 0.361716 -2.29757 0.57
1.61618 0.256935 -0.77654 0.27
