-1.5708 0 0 0
-1.59954 -0.128594 -0.428643 0.585
-1.76182 -0.799822 -2.99461 0.48
-1.94257 -0.63775 -2.07604 0.36
-1.96129 0.473825 1.21759 0.33
-1.8682 1.06049 1.52781 0.18
-1.36112 2.06971 2.68936 0.45
-1.09147 2.02488 2.96271 0.195
-0.626417 -0.102856 1.95379 0.645
-0.791985 -1.51803 0.508944 0.3
-1.49905 -3.24135 -1.83641 0.42
-2.52136 -2.89242 -2.94709 0.465
-3.11723 0.571616 -2.4219 0.735
-1.93388 4.81243 2.09991 0.615
-1.73685 5.02672 2.7893 0.06
-0.865946 4.9893 2.31406 0.255
0.666385 2.6256 2.96066 0.6
1.14308 1.8421 2.33276 0.33
1.54752 0.272195 -1.92502 0.66
