-1.5708 0 0 0
-1.65144 -1.05541 -7.30159 0.225
-1.69875 -1.30695 -7.30159 0.06
-1.89503 -1.9268 -7.30159 0.18
-2.04985 -1.49262 0.963566 0.135
-2.12909 -1.1422 0.963566 0.09
-2.37928 -1.74687 -9.66945 0.255
-2.43707 -1.13994 7.87336 0.06
-2.47895 -0.0536983 7.87336 0.105
-2.44455 1.03416 7.87336 0.105
-2.40663 1.4926 7.87336 0.045
-2.33504 2.08345 7.72175 0.06
-2.12343 3.18504 7.72175 0.12
-2.05719 3.43694 7.72175 0.03
-1.74566 4.31275 7.72175 0.12
-1.37421 4.92521 7.72175 0.12
-1.06994 5.18889 7.72175 0.09
-0.701771 5.29778 7.72175 0.105
-0.542878 5.29055 7.72175 0.045
-0.389328 4.94269 -2.83669 0.045
-0.20132 4.45418 -2.83669 0.06
-0.0238686 4.41708 8.80779 0.06
0.239423 4.36207 8.80779 0.09
0.323552 4.05165 -6.10124 0.03
0.507168 3.29905 -6.10124 0.075
0.679264 2.44695 -6.10124 0.09
0.703049 2.31036 -6.10124 0.015
0.748315 2.21728 2.683 0.03
1.02136 1.73168 2.683 0.21
1.3533 1.53443 2.683 0.315
1.41529 1.56895 2.683 0.06
1.53487 1.10601 -4.2407 0.135
1.67926 0.318261 -4.2407 0.315
1.70478 0.534857 2.43418 0.09
1.77765 0.0012571 -3.62622 0.435
