-1.5708 0 0 0
-1.58839 -0.266914 -2.11104 0.195
-1.67147 -0.687305 -2.99386 0.255
-1.74059 -0.838737 -2.99386 0.135
-1.79252 -0.0166432 4.86364 0.18
-1.70703 1.06317 4.86364 0.24
-1.68454 1.18494 4.86364 0.03
-1.3498 1.73725 2.93414 0.33
-1.14044 1.71313 2.93414 0.18
-1.00666 1.61592 3.46648 0.12
-0.756274 1.1094 3.46648 0.27
-0.672106 0.752898 3.46648 0.135
-0.625688 0.403881 3.46648 0.12
-0.614025 0.0621006 1.15742 0.075
-0.663588 -0.818358 1.15742 0.195
-0.701521 -1.07674 1.15742 0.06
-0.989067 -2.05528 1.15742 0.27
-1.05255 -2.17443 1.15742 0.045
-1.31011 -2.9379 -3.86262 0.15
-1.49685 -3.2685 -3.86262 0.09
-1.66533 -3.45697 -3.86262 0.075
-1.98424 -3.58452 -3.86262 0.135
-2.12722 -3.55624 -3.86262 0.06
-2.26483 -3.31707 0.235708 0.06
-2.32984 -3.18201 0.235708 0.03
-2.42205 -2.96274 0.235708 0.045
-2.66064 -2.31936 -0.954012 0.135
-2.68344 -2.24142 -0.954012 0.015
-2.70565 -2.19976 -4.68029 0.015
-2.99896 -1.44521 -4.68029 0.24
-3.07656 -1.14065 -4.68029 0.09
-3.13513 -0.0303793 1.29765 0.15
-3.0947 1.0408 3.58231 0.12
-3.02595 1.70881 3.58231 0.075
-2.9687 2.10752 3.58231 0.045
-2.75815 3.14882 3.58231 0.12
-2.69265 3.39992 3.58231 0.03
-2.36023 3.9592 -1.78418 0.135
-2.23925 4.10166 -1.78418 0.045
-2.15528 4.29281 3.80508 0.03
-2.02252 4.55277 3.80508 0.045
-1.68645 5.01219 3.80508 0.105
-1.37862 5.21868 3.80508 0.09
-1.0114 5.23448 3.80508 0.105
-0.701325 5.07834 3.80508 0.09
-0.356495 4.75411 3.80508 0.105
-0.0814135 4.40946 3.80508 0.09
-0.037618 4.34959 3.80508 0.015
0.322732 3.66585 2.05367 0.135
0.394615 3.52327 2.05367 0.03
0.496997 3.30442 1.5503 0.045
0.653714 2.9712 1.5503 0.075
0.994008 2.31711 1.5503 0.195
1.0619 2.21169 1.5503 0.045
1.29176 1.12066 -4.15087 0.21
1.33122 0.854358 -4.15087 0.06
1.37108 0.478145 -4.15087 0.09
1.39108 0.32355 -1.24813 0.075
1.40292 0.0161056 -2.713 0.105
