-1.5708 0 0 0
-1.71125 -0.803274 -2.98477 0.48
-1.8643 -0.955539 -2.98477 0.255
-1.8915 -0.856338 0.338921 0.045
-1.9976 -0.02904 -0.128508 0.345
-1.9404 0.649044 -0.128508 0.27
-1.87981 1.07575 2.80812 0.105
-1.72901 1.63964 2.80812 0.165
-1.3805 2.12993 2.80812 0.27
-1.1239 2.09883 2.80812 0.18
-1.04381 1.90093 -0.352536 0.06
-0.846513 1.10054 -0.352536 0.195
-0.786669 0.604298 -0.352536 0.105
-0.751727 0.0266589 1.83261 0.165
-0.766616 -0.397552 1.83261 0.12
-0.826023 -1.08208 -1.66515 0.12
-0.955945 -1.79023 -1.66515 0.135
-1.01163 -1.91998 1.11038 0.045
-1.1551 -2.16446 1.11038 0.105
-1.35897 -2.33765 1.11038 0.135
-1.47657 -2.35689 1.11038 0.075
-1.70681 -2.21017 1.2507 0.15
-1.89276 -1.89545 1.2507 0.135
-2.05738 -1.74041 -2.1423 0.135
-2.09168 -1.68854 -2.1423 0.03
-2.24751 -1.12162 -0.412048 0.165
-2.35008 -0.0639464 -0.412048 0.255
-2.28746 0.88771 -0.412048 0.225
-2.26801 1.05655 2.06834 0.03
-2.10337 1.91277 2.06834 0.165
-2.06381 2.04182 1.6379 0.03
-2.02175 2.16381 1.6379 0.03
-1.72859 2.66736 1.21967 0.18
-1.3963 2.80556 1.21967 0.18
-1.04524 2.52539 1.21967 0.195
-0.947407 2.36086 1.21967 0.06
-0.901615 2.21711 -1.2781 0.03
-0.692771 1.23447 -1.2781 0.18
-0.6808 1.1595 0.0890228 0.015
-0.603798 0.015424 -0.875241 0.195
-0.655655 -1.04759 -2.65188 0.15
-0.678683 -1.2548 -2.65188 0.03
-0.832125 -2.13959 -2.65188 0.135
-1.00359 -2.74381 -2.65188 0.105
-1.21366 -3.23684 -2.65188 0.105
-1.34768 -3.45536 -2.65188 0.06
-1.68946 -3.32454 1.80722 0.15
-1.72255 -3.29324 1.80722 0.015
-1.75545 -3.28628 -0.946164 0.015
-2.04366 -3.07834 -0.860388 0.135
-2.38004 -2.47522 -0.860388 0.18
-2.40447 -2.412 -0.860388 0.015
-2.47351 -2.1883 -0.0322622 0.045
-2.68923 -1.10638 -0.0322622 0.195
-2.74491 -0.481949 -0.0322622 0.105
-2.75771 -0.0295985 -0.0322622 0.075
-2.75756 0.0610389 -0.0322622 0.015
-2.74815 0.409115 -0.380414 0.06
-2.74362 0.495833 -0.380414 0.015
-2.69632 1.07914 0.760099 0.09
-2.49941 2.18281 0.760099 0.18
-2.40536 2.51621 0.760099 0.06
-2.17297 3.27067 2.95165 0.12
-2.07114 3.51344 2.95165 0.045
-1.72791 4.06619 2.95165 0.135
-1.39171 4.29494 2.95165 0.12
-1.04774 4.26234 2.95165 0.12
-0.715875 4.00076 2.95165 0.12
-0.636783 3.9068 2.95165 0.03
-0.376834 3.50593 2.83707 0.105
-0.274537 3.31229 2.83707 0.045
-0.00394822 2.69538 2.83707 0.135
0.167703 2.21058 2.83707 0.105
0.269771 1.87398 2.83707 0.075
0.337231 1.5003 0.014278 0.06
0.389899 1.13433 0.014278 0.06
0.477021 0.0364178 1.52305 0.225
0.401001 -1.05807 1.52305 0.225
0.352626 -1.36184 1.52305 0.06
0.142105 -2.15713 2.84703 0.18
0.000236401 -2.57283 2.84703 0.09
-0.291547 -3.25609 2.84703 0.15
-0.324434 -3.3211 2.84703 0.015
-0.647844 -3.84369 2.84703 0.135
-0.927647 -4.12805 2.84703 0.105
-1.01166 -4.27136 -1.61648 0.03
-1.14108 -4.351 1.99885 0.045
-1.36041 -4.40517 1.99885 0.075
-1.53621 -4.37305 1.99885 0.06
-1.70934 -4.27261 1.99885 0.06
-2.037 -3.87807 1.99885 0.12
-2.29095 -3.35358 1.99885 0.105
-2.32428 -3.3114 -2.37371 0.015
-2.38961 -3.22004 -2.37371 0.03
-2.73621 -2.5198 -2.37371 0.18
-2.8316 -2.2472 -2.37371 0.06
-3.06612 -1.09331 -1.38846 0.21
-3.07664 -1.00934 -1.38846 0.015
-3.08617 -0.898313 1.30998 0.015
-3.12248 -0.00914555 1.30998 0.12
-3.10302 0.657852 1.30998 0.09
-3.09583 0.778904 2.30393 0.015
-3.07783 1.02089 2.30393 0.03
-2.93712 2.10342 2.30393 0.135
-2.76102 2.92231 2.30393 0.105
-2.66827 3.25931 2.30393 0.045
-2.41406 3.9873 2.30393 0.105
-2.24716 4.34976 2.30393 0.06
-2.20325 4.43251 2.30393 0.015
-2.06656 4.6743 2.81344 0.045
-1.72349 5.09051 2.81344 0.105
-1.41212 5.25806 2.81344 0.09
-1.04382 5.22534 2.81344 0.105
-0.735617 5.02456 2.81344 0.09
-0.350373 4.58067 2.81344 0.12
-0.215896 4.38266 2.81344 0.045
-0.00751512 3.95068 1.0935 0.075
0.247801 3.34762 1.0935 0.105
0.280934 3.27925 2.63241 0.015
0.313389 3.21178 2.63241 0.015
0.678581 2.44367 2.63241 0.195
0.794825 2.2125 2.63241 0.075
1.02533 1.37237 -0.526136 0.195
1.07515 1.12157 -1.3986 0.06
1.22889 0.00489524 -0.105692 0.435
