-40 -40 0 0 0 0 0
-38.5563 -39.6182 0.387717 0.986602 0.127539 0.32454 3.05984
-36.9058 -38.7355 0.581576 1.4799 0.127539 0.32454 1.52992
-34.8735 -37.0815 0.775434 1.9732 0.127539 0.32454 1.52992
-32.7165 -34.4937 0.969293 2.4665 0.127539 0.32454 1.52992
-30.7366 -30.8834 1.16315 2.9598 0.127539 0.32454 1.52992
-27.4212 -27.1902 0.538042 3.67761 -0.411257 0.47224 1.52992
-21.5253 -25.8955 -0.0870684 4.39541 -0.411257 0.47224 1.52992
-14.9979 -28.7134 -0.712178 5.11322 -0.411257 0.47224 1.52992
-10.7964 -35.7355 -1.33729 5.83102 -0.411257 0.47224 1.52992
-5.84585 -40.3986 -0.0788493 3.72575 0.82792 -1.38505 1.52992
-2.4381 -38.6859 1.17959 1.62048 0.82792 -1.38505 1.52992
-2.23021 -37.189 1.81504 0.39777 0.418059 -0.804411 1.52992
-1.97768 -37.4072 2.45049 -0.824935 0.418059 -0.804411 1.52992
0.0565736 -38.0995 3.08594 -2.04764 0.418059 -0.804411 1.52992
3.86965 -36.9758 3.72139 -3.27035 0.418059 -0.804411 1.52992
7.41095 -32.3796 4.35684 -4.49305 0.418059 -0.804411 1.52992
7.60207 -24.7525 4.99229 -5.71576 0.418059 -0.804411 1.52992
2.20069 -16.9901 5.62774 -6.93846 0.418059 -0.804411 1.52992
-3.04996 -21.7203 8.45297 -6.3595 1.85871 0.380897 1.52992
2.85535 -19.1209 11.2782 -5.78053 1.85871 0.380897 1.52992
-2.95517 -19.6778 14.1034 -5.20157 1.85871 0.380897 1.52992
2.13634 -20.8389 16.9287 -4.62261 1.85871 0.380897 1.52992
-1.80384 -18.4508 19.7539 -4.04364 1.85871 0.380897 1.52992
-9.3115 -20.2866 18.5303 -6.77403 -0.804972 -1.79631 1.52992
-15.9188 -10.7262 17.3068 -9.50441 -0.804972 -1.79631 1.52992
-23.0428 -4.05775 19.0742 -5.10847 1.16278 2.89207 1.52992
-25.5833 -7.11582 20.8417 -0.712535 1.16278 2.89207 1.52992
-26.775 -8.15379 18.6374 -1.81771 -1.45017 -0.72709 1.52992
-27.2511 -5.26353 16.4331 -2.92289 -1.45017 -0.72709 1.52992
-23.3754 -7.09115 14.2289 -4.02806 -1.45017 -0.72709 1.52992
-23.643 -11.1628 13.8522 -1.37017 -0.247785 1.74862 1.52992
-23.559 -11.2758 13.4756 1.28773 -0.247785 1.74862 1.52992
-20.5054 -8.76083 13.099 3.94563 -0.247785 1.74862 1.52992
-19.0402 -1.23955 14.6361 7.16908 1.01124 2.12069 1.52992
-26.6749 2.12214 16.0486 4.76154 0.929283 -1.5839 1.52992
-29.5157 -1.97566 17.4611 2.35401 0.929283 -1.5839 1.52992
-28.527 -3.3066 18.8736 -0.0535298 0.929283 -1.5839 1.52992
-29.562 -4.78328 20.2861 -2.46107 0.929283 -1.5839 1.52992
-26.4466 -8.86554 21.6986 -4.8686 0.929283 -1.5839 1.52992
-18.8453 -5.08066 23.1111 -7.27614 0.929283 -1.5839 1.52992
-22.4444 2.09196 25.0623 -5.14255 1.28367 1.40367 1.52992
-26.0682 -1.74801 27.0135 -3.00897 1.28367 1.40367 1.52992
-23.7986 -2.91253 28.9647 -0.875386 1.28367 1.40367 1.52992
-23.2985 -3.11286 30.9159 1.2582 1.28367 1.40367 1.52992
-20.851 -1.31401 32.867 3.39178 1.28367 1.40367 1.52992
-25.5086 2.09502 34.8182 5.52536 1.28367 1.40367 1.52992
-33.5754 3.10447 34.0459 5.44215 -0.508136 -0.0547428 1.52992
-38.572 9.36028 33.2735 5.35895 -0.508136 -0.0547428 1.52992
-37.7976 17.2051 32.5011 5.27574 -0.508136 -0.0547428 1.52992
-31.863 22.2043 31.7288 5.19253 -0.508136 -0.0547428 1.52992
-24.2467 21.6526 30.9564 5.10932 -0.508136 -0.0547428 1.52992
-24.4861 22.2094 37.03 4.44453 1.99791 -0.218679 3.05984
-21.5967 24.8311 46.1405 3.44735 1.99791 -0.218679 4.58976
-24.259 23.6424 55.251 2.45018 1.99791 -0.218679 4.58976
-22.4698 21.4152 56.1368 1.43153 0.582788 -0.67016 1.52992
-21.1106 21.3453 57.0227 0.412889 0.582788 -0.67016 1.52992
-21.108 21.1646 57.9085 -0.605755 0.582788 -0.67016 1.52992
-20.6219 19.5942 58.7943 -1.6244 0.582788 -0.67016 1.52992
-17.7511 18.3215 59.6802 -2.64304 0.582788 -0.67016 1.52992
-13.5892 20.3679 60.566 -3.66169 0.582788 -0.67016 1.52992
-6.58674 21.71 59.3088 -6.35073 -0.827137 -1.76911 1.52992
0.52148 22.2665 60.3311 -3.43915 0.67259 1.91551 1.52992
2.03029 24.7529 61.3534 -0.527574 0.67259 1.91551 1.52992
3.09902 23.8497 62.3758 2.384 0.67259 1.91551 1.52992
8.65595 24.5239 63.3981 5.29558 0.67259 1.91551 1.52992
13.3169 22.3501 61.1752 3.04595 -1.46246 -1.48002 1.52992
11.3281 20.9709 58.9522 0.796319 -1.46246 -1.48002 1.52992
12.4858 21.6797 60.5511 -2.55545 1.05188 -2.20511 1.52992
12.5589 26.6733 61.8232 -4.46831 0.836889 -1.25847 1.52992
14.1662 29.7083 59.2312 -1.43199 -1.70526 1.99758 1.52992
14.5359 28.5834 57.2338 -0.380072 -1.31407 0.692049 1.52992
14.6393 28.297 55.2364 0.671842 -1.31407 0.692049 1.52992
13.428 27.3275 53.239 1.72376 -1.31407 0.692049 1.52992
12.5174 30.0691 51.2416 2.77567 -1.31407 0.692049 1.52992
16.7358 29.7333 49.2442 3.82759 -1.31407 0.692049 1.52992
19.8968 30.4277 52.0249 2.12066 1.8294 -1.12298 1.52992
