-1.5708 0 0 0
-2.1477 1.43064 -4.52599 1.6771
-1.45534 1.58475 -1.86328 0.419275
-2.32517 -0.846261 -1.95268 1.25782
-1.85209 -2.25898 -0.174334 1.88674
-1.54975 -2.59985 1.47101 2.09637
-0.9596 -0.0989926 -2.71271 1.88674
-1.63655 -2.8617 -3.44925 0.419275
0.00314516 2.17051 4.92808 1.25782
-1.94633 -5.67753 -2.36187 0.83855
-0.388648 5.66425 3.42413 1.25782
-1.61529 -6.97887 -1.81596 1.6771
-0.982383 6.90005 1.72713 2.09637
1.28161 1.2637 -2.40462 0.628912
1.52101 -0.447683 -1.26592 1.04819
1.51037 0.337856 4.59536 0.209637
1.5394 -0.0381271 -1.49074 0.209637
