-1.5708 0 0 0
-1.48188 0.859876 4.59381 0.209637
-0.957078 1.43464 4.59381 0.419275
-0.705085 1.02446 4.59381 0.209637
-0.564743 0.351898 4.59381 0.209637
-0.665783 -1.34363 -0.31332 0.209637
-1.09169 -2.8095 -0.934245 0.209637
-1.72545 -3.32451 -0.934245 0.209637
-2.33887 -2.63141 -0.934245 0.209637
-2.72831 -1.19171 -0.934245 0.209637
-2.80185 0.464716 -0.934245 0.209637
-2.4581 2.92019 3.57771 0.209637
-1.6842 4.60098 3.57771 0.209637
-0.730768 4.64677 3.57771 0.209637
-0.0501618 2.0807 -3.78464 0.209637
0.135658 -0.218515 -1.73379 0.209637
-0.13795 -2.51951 -1.73379 0.209637
-0.858943 -4.58317 -1.73379 0.209637
-1.88202 -5.32683 -1.73379 0.209637
-2.8659 -4.29537 -1.73379 0.209637
-3.50409 -2.10003 1.36464 0.209637
-3.72206 -0.113138 1.36464 0.209637
-3.55969 1.763 0.928952 0.209637
-3.00067 3.856 0.928952 0.209637
-2.03686 5.60633 0.928952 0.209637
-0.881233 5.58462 0.928952 0.209637
0.08991 4.01164 0.928952 0.209637
0.727412 2.44811 0.928952 0.209637
1.10986 1.47564 0.928952 0.209637
1.35231 1.02313 0.928952 0.209637
1.54564 0.972498 0.928952 0.209637
1.72608 0.0442429 -3.25225 0.419275
