-1.5708 0 0 0
-1.83591 -0.609346 -1.99305 0.628912
-1.98266 -0.0320388 -1.99305 0.419275
-1.95116 0.337529 -1.99305 0.209637
-1.76594 1.45642 2.6386 0.209637
-1.40528 2.03193 2.6386 0.209637
-1.00415 1.85668 2.6386 0.209637
-0.703033 1.08064 2.6386 0.209637
-0.590494 0.0228116 2.6386 0.209637
-0.773063 -1.81164 -1.38055 0.209637
-1.28115 -3.12831 -1.38055 0.209637
-1.94139 -3.25931 -1.02344 0.209637
-2.50795 -2.26085 -1.02344 0.209637
-2.80964 -0.711546 -1.02344 0.209637
-2.78571 0.94831 -1.02344 0.209637
-2.43998 2.45345 -1.02344 0.209637
-1.84651 3.31962 -1.02344 0.209637
-1.19268 3.00609 -1.02344 0.209637
-0.656125 2.22051 2.01184 0.209637
-0.340629 0.886328 2.01184 0.209637
-0.310192 -0.585 2.01184 0.209637
-0.596586 -2.2393 0.631743 0.209637
-1.17166 -3.3679 0.631743 0.209637
-1.86511 -3.34142 0.631743 0.209637
-2.42736 -2.12843 0.631743 0.209637
-2.67893 -0.342786 0.631743 0.209637
-2.56008 1.51253 0.631743 0.209637
-2.09696 3.01032 0.631743 0.209637
-1.42294 3.51474 0.631743 0.209637
-0.778305 2.74529 0.631743 0.209637
-0.375606 1.21164 0.631743 0.209637
-0.353845 -0.996422 -1.75423 0.209637
-0.773181 -3.12628 -2.23726 0.209637
-1.54617 -4.37533 -2.23726 0.209637
-2.41499 -4.05602 -2.23726 0.209637
-3.09904 -2.70416 -2.23726 0.209637
-3.49062 -1.23298 -2.23726 0.209637
-3.55973 0.533101 -0.152465 0.209637
-3.27238 2.36744 -0.152465 0.209637
-2.60821 4.23516 -0.152465 0.209637
-1.63635 5.21943 -0.152465 0.209637
-0.632166 4.53158 0.636005 0.209637
0.106122 2.79335 0.636005 0.209637
0.488953 1.0735 0.636005 0.209637
0.547562 -0.477696 0.636005 0.209637
0.229861 -2.74064 -2.42182 0.209637
-0.559898 -5.12121 -2.42182 0.209637
-1.70166 -5.96906 -0.162375 0.209637
-2.80528 -4.79694 -0.162375 0.209637
-3.57548 -2.92192 -0.162375 0.209637
-4.00225 -1.43082 -0.162375 0.209637
-4.17552 -0.347941 -0.162375 0.209637
-4.14994 0.610879 -0.196771 0.209637
-3.85341 2.4285 2.93876 0.209637
-3.14017 4.78892 2.93876 0.209637
-1.94664 6.94054 2.93876 0.209637
-0.517476 6.93011 2.93876 0.209637
0.621554 4.48789 -2.96513 0.209637
1.33788 2.86839 -2.96513 0.209637
1.8414 2.32935 -2.96513 0.209637
2.32879 2.68201 -2.96513 0.209637
2.964 3.76941 -2.96513 0.209637
3.88007 5.31448 -1.44004 0.209637
4.99931 5.5345 -1.44004 0.209637
5.96431 3.89671 -1.44004 0.209637
6.52153 1.67227 -1.44004 0.209637
6.64071 -0.468278 -1.44004 0.209637
6.33066 -2.65467 -1.44004 0.209637
5.58012 -4.77759 -1.44004 0.209637
4.50034 -5.69476 -1.44004 0.209637
3.43684 -4.69273 -1.44004 0.209637
2.66215 -3.08116 -1.44004 0.209637
2.22978 -1.33425 1.44759 0.209637
2.08517 -0.151282 0.650117 0.209637
2.13124 0.624876 -1.03171 0.209637
2.34895 1.60817 -1.03171 0.209637
2.80363 3.01932 -1.03171 0.209637
3.57893 4.72562 -1.03171 0.209637
4.6396 5.60369 -1.03171 0.209637
5.68515 4.55218 -1.03171 0.209637
6.3921 2.46667 -1.03171 0.209637
6.67469 0.38391 -1.03171 0.209637
6.54894 -1.65547 -1.03171 0.209637
6.0038 -3.79854 -1.03171 0.209637
5.04656 -5.56674 -1.79453 0.209637
3.90572 -5.48851 -1.79453 0.209637
3.00912 -3.39395 1.35964 0.209637
2.47262 -2.04102 -2.07208 0.209637
2.16095 -1.15061 -2.07208 0.209637
1.89178 -0.350541 -2.07208 0.419275
1.728 -0.203614 -2.07208 1.04819
1.70494 -0.0343528 -0.55046 0.209637
