-1.5708 0 0 0
-1.41154 1.54033 8.22838 0.209637
-0.993228 2.51444 8.22838 0.209637
-0.458731 2.71458 8.22838 0.209637
0.0616992 2.45679 8.22838 0.209637
0.527347 2.24388 8.22838 0.209637
0.988718 2.4723 8.22838 0.209637
1.24074 0.122201 -7.78759 0.209637
1.0406 -2.18334 -7.78759 0.209637
0.540442 -2.93403 2.98903 0.209637
-0.170074 -4.21623 2.98903 0.209637
-1.12419 -5.14273 2.98903 0.209637
-2.11336 -4.43183 2.98903 0.209637
-2.8004 -2.30143 2.98903 0.209637
-3.01022 0.217624 2.98903 0.209637
-2.67147 3.14024 5.16023 0.209637
-1.79583 5.39775 5.16023 0.209637
-0.641336 5.802 5.16023 0.209637
0.439353 4.97323 5.16023 0.209637
1.28166 3.65625 -0.537059 0.209637
1.99204 3.67503 -0.537059 0.209637
2.83759 4.9628 -0.537059 0.209637
3.97762 6.34746 -2.09202 0.209637
5.26177 6.09036 -2.09202 0.209637
6.28629 4.0015 -2.09202 0.209637
6.85575 1.7494 -2.09202 0.209637
7.00846 -0.191542 -2.09202 0.209637
6.776 -2.17755 -2.09202 0.209637
6.11383 -4.48348 -2.09202 0.209637
5.00885 -6.33892 -2.09202 0.209637
3.7238 -6.13049 -2.09202 0.209637
2.64169 -4.6816 -2.09202 0.209637
1.85222 -3.41232 0.525691 0.209637
1.16695 -3.66006 -0.689994 0.209637
0.302158 -5.17616 -0.689994 0.209637
-0.934828 -7.07972 -0.689994 0.209637
-2.39307 -7.05004 -0.689994 0.209637
-3.63823 -5.35915 -0.689994 0.209637
-4.59496 -4.46142 -0.689994 0.209637
-5.39962 -3.83174 5.92828 0.209637
-6.20384 -4.33107 5.92828 0.209637
-7.13843 -4.90307 5.92828 0.209637
-8.07379 -4.15813 5.92828 0.209637
-8.69995 -1.93032 5.92828 0.209637
-8.81041 0.847461 5.92828 0.209637
-8.34745 3.67184 7.33836 0.209637
-7.42542 5.25177 7.33836 0.209637
-6.59107 2.91803 -4.29455 0.209637
-6.28634 0.116666 -4.29455 0.209637
-6.51353 -2.38181 -2.73272 0.209637
-7.22082 -4.56903 -2.73272 0.209637
-8.24692 -5.36581 -2.73272 0.209637
-9.2462 -4.42874 -2.73272 0.209637
-9.80548 -1.18815 6.63963 0.209637
-9.95609 -0.339975 -4.49647 0.209637
-9.94583 0.444313 -4.49647 0.209637
-9.77278 1.31037 -4.49647 0.209637
-9.41088 2.32937 -4.49647 0.209637
-8.84374 3.28973 -4.49647 0.209637
-7.89628 5.92421 8.1484 0.209637
-6.87387 4.01074 -5.05407 0.209637
-6.35403 1.13731 -5.05407 0.209637
-6.42363 -1.83154 -5.05407 0.209637
-7.16723 -5.49451 -9.68872 0.209637
-8.51119 -7.52282 -9.68872 0.209637
-10.041 -7.7048 -9.68872 0.209637
-11.6991 -9.37397 -9.68872 0.209637
-13.6733 -10.3045 3.59577 0.209637
-15.5019 -7.49208 9.98495 0.209637
-16.6169 -3.79134 9.98495 0.209637
-17.0893 -1.07266 9.98495 0.209637
-17.0735 1.23523 9.98495 0.209637
-16.5637 4.01273 9.98495 0.209637
-15.3978 7.75786 9.98495 0.209637
-13.5321 10.3726 9.98495 0.209637
-11.4245 10.7565 9.98495 0.209637
-9.02332 13.7536 9.98495 0.209637
-6.06598 15.079 8.4718 0.209637
-3.20389 14.2938 -4.55443 0.209637
-0.336344 13.6341 -4.55443 0.209637
2.15629 11.8472 -4.55443 0.209637
4.59733 12.4082 -4.55443 0.209637
6.88338 10.1276 -4.55443 0.209637
8.75931 9.18955 -4.55443 0.209637
10.6831 9.88475 -4.55443 0.209637
12.5128 7.96387 -4.55443 0.209637
13.8452 5.60758 -4.55443 0.209637
14.8876 5.13715 -4.55443 0.209637
15.929 5.37523 -7.75342 0.209637
17.0077 5.17378 -7.75342 0.209637
17.8779 3.25175 -7.75342 0.209637
18.2374 0.262676 -7.75342 0.209637
17.9785 -2.79617 -7.75342 0.209637
17.1767 -4.97612 -7.75342 0.209637
16.3781 -2.78587 6.05372 0.209637
15.8568 -2.36029 -6.79683 0.209637
15.444 -1.77599 -6.79683 0.209637
15.135 -1.35537 -6.79683 0.209637
14.8828 -1.21977 -6.79683 0.209637
14.6234 -1.44295 -6.79683 0.209637
14.2716 -2.18353 -6.79683 0.209637
13.6926 -3.79046 -6.79683 0.209637
12.6701 -6.62937 -6.79683 0.209637
11.0362 -9.39302 -6.92955 0.209637
9.11721 -9.44884 -6.92955 0.209637
7.19532 -10.3121 -6.92955 0.209637
4.8285 -13.1964 -6.92955 0.209637
2.15967 -13.2412 -6.92955 0.209637
-0.671294 -15.5911 -6.92955 0.209637
-3.91049 -16.1904 -6.92955 0.209637
-7.03559 -15.6311 7.17542 0.209637
-9.99252 -13.3394 7.17542 0.209637
-12.4889 -12.2942 7.17542 0.209637
-14.9277 -11.466 7.17542 0.209637
-16.8993 -8.38743 7.37818 0.209637
-18.4563 -7.62093 7.37818 0.209637
-20.0151 -7.78626 7.37818 0.209637
-21.4082 -5.73037 7.37818 0.209637
-22.221 -2.36055 7.37818 0.209637
-22.3603 0.952941 7.37818 0.209637
-21.8332 4.34184 7.37818 0.209637
-20.6511 7.23255 7.37818 0.209637
-19.1058 7.80931 7.37818 0.209637
-17.6669 6.78256 2.83236 0.209637
-16.2415 7.89042 2.83236 0.209637
-14.4272 10.0656 2.83236 0.209637
-12.4217 9.54186 2.83236 0.209637
-10.5866 9.28811 2.83236 0.209637
-8.41367 12.5106 8.19533 0.209637
-5.82336 12.8606 6.60411 0.209637
-3.16299 14.4506 6.60411 0.209637
-0.0531808 15.8543 6.60411 0.209637
2.96936 15.144 -2.9133 0.209637
6.04257 14.8146 -2.9133 0.209637
8.82522 13.6935 -2.9133 0.209637
11.5958 13.484 -5.94782 0.209637
14.0101 10.8372 -5.94782 0.209637
16.152 10.9479 -5.94782 0.209637
18.2911 9.81724 -5.94782 0.209637
19.9552 6.97501 -5.94782 0.209637
21.2259 6.122 -5.94782 0.209637
22.5074 6.74617 -5.94782 0.209637
23.8437 6.227 -5.94782 0.209637
24.8536 3.64984 -5.94782 0.209637
25.2705 0.513306 -5.94782 0.209637
25.0232 -2.98965 -7.75879 0.209637
24.0907 -6.18104 -7.75879 0.209637
22.6833 -7.45824 -7.75879 0.209637
21.5031 -4.31775 6.46543 0.209637
20.9628 -1.20939 8.86177 0.209637
20.469 -1.55882 -3.80745 0.419275
20.0677 -2.58267 -3.80745 0.209637
19.324 -5.0367 -6.21821 0.209637
18.0053 -8.08679 -6.21821 0.209637
16.2345 -9.08919 -6.21821 0.209637
14.4717 -8.72606 -6.21821 0.209637
12.5565 -10.8944 -6.21821 0.209637
10.1327 -12.7042 -6.21821 0.209637
7.89828 -9.91331 6.88379 0.209637
5.95434 -9.87154 6.88379 0.209637
4.04574 -8.66388 8.24361 0.209637
2.6491 -5.22875 8.24361 0.209637
1.90413 -2.40712 8.24361 0.209637
1.62807 -0.441606 8.24361 0.209637
1.57737 -0.0818706 1.54401 0.209637
