-1.5708 0 0 0
-1.27514 0.680203 2.22211 0.628912
-1.45947 0.913777 0.969773 1.88674
-1.29436 -0.890588 1.76125 1.04819
-1.05405 -0.0320121 2.13217 1.6771
-1.49339 -1.88798 -1.2068 0.419275
-0.746434 -0.648139 2.07133 1.6771
-1.40632 -2.27432 0.970086 0.419275
-0.701943 0.938058 1.69934 1.46746
-2.39205 3.37357 -2.89998 1.88674
-0.713857 3.97125 1.46309 0.419275
-0.0416407 -2.39415 1.48068 0.83855
-1.44533 5.09687 -0.568883 1.88674
1.21799 1.70912 2.78231 0.83855
1.52243 0.0040184 -2.85046 0.419275
