-40 -40 0 0 0 0 0
-40.0967 -39.9553 -0.648787 -0.538939 -1.62197 -1.34735 0.4
-39.3386 -38.3092 -2.84115 -2.63735 -1.61203 -1.54295 1.36
-38.1574 -38.0349 -2.97971 -3.43061 -0.346419 -1.98314 0.4
-37.1653 -37.9631 -3.15678 -3.6835 -0.632369 -0.903166 0.28
-32.9918 -37.2163 -2.78075 -4.2144 0.348172 -0.491578 1.08
-31.1395 -34.7986 -1.64944 -3.8213 1.41413 0.491372 0.8
-33.371 -32.603 0.0751755 -4.07807 1.91624 -0.2853 0.9
-39.4849 -30.22 -0.81781 -4.09679 -0.537943 -0.0112746 1.66
-40.5903 -24.1099 -1.93772 -4.74838 -0.756696 -0.440265 1.48
-36.4693 -21.2983 -3.29946 -2.42589 -0.907826 1.54833 1.5
-34.5086 -19.8528 -1.29436 -0.621614 1.07801 0.970041 1.86
-34.2383 -19.2401 -2.52256 -1.35484 -1.70583 -1.01836 0.72
-33.7144 -18.9547 -2.77023 -1.13733 -0.515966 0.453132 0.48
-33.4824 -18.2417 0.167742 0.0756094 1.68849 0.697093 1.74
-31.4953 -17.0131 0.752894 3.29525 0.417966 2.29974 1.4
-30.7615 -16.3658 0.692581 3.22927 -0.201044 -0.219925 0.3
-30.3312 -16.0584 0.549203 3.38634 -0.896108 0.981673 0.16
-29.1703 -14.9263 0.989598 3.72107 0.957378 0.727686 0.46
-30.4049 -12.0983 3.55568 0.879107 1.49191 -1.65231 1.72
-30.6458 -12.2927 4.58848 -0.166398 1.17363 -1.18807 0.88
-31.0884 -11.5881 1.19008 1.21252 -1.71636 0.696426 1.98
-31.2985 -11.5309 0.477051 -1.37039 -0.557051 -2.0179 1.28
-31.5997 -11.7913 0.921697 -1.97468 1.85269 -2.5179 0.24
-34.4923 -10.1965 -1.55173 -4.76684 -1.96304 -2.216 1.26
-35.3311 -6.22073 -1.16764 -4.31837 0.426765 0.498302 0.9
-31.3226 0.844627 -2.94436 -5.26369 -0.915835 -0.487279 1.94
-27.6537 3.28331 -1.99806 -1.6427 0.716896 2.74318 1.32
-26.4005 3.57622 -4.01984 -0.947493 -1.71337 0.589158 1.18
-25.9867 3.3337 -3.26391 -0.586868 1.18113 0.563476 0.64
-25.8709 3.32799 -3.0943 -0.242512 0.605756 1.22984 0.28
-25.2466 2.63684 -4.53854 -1.15235 -1.00295 -0.631835 1.44
-24.8566 1.53231 -4.23877 -2.20656 0.428243 -1.50601 0.7
-24.2041 0.579452 -4.00096 -3.30555 0.566231 -2.61665 0.42
-22.7013 -1.71451 -4.247 -5.02528 -0.372797 -2.60564 0.66
-17.8386 -3.29775 -2.31677 -1.61783 1.0844 1.91429 1.78
-17.6342 -2.91388 -1.81093 -1.76365 1.94556 -0.560834 0.26
-16.3164 -1.71956 -2.91453 -2.79803 -1.34585 -1.26144 0.82
-11.9501 -0.197273 -2.7035 -3.2976 0.138833 -0.328669 1.52
-10.8236 1.1217 -1.83178 -2.87706 1.50297 0.72508 0.58
-10.7277 2.53669 -1.41606 -1.88409 0.692863 1.65495 0.6
-10.5582 3.33666 -2.53989 0.046022 -1.22156 2.09794 0.92
-10.723 2.43754 -1.34804 1.98105 1.26793 2.05854 0.94
-11.0769 -0.417459 -1.99098 3.15249 -0.563986 1.02758 1.14
-12.3356 -1.78825 -4.41648 -1.46754 -1.3475 -2.56669 1.8
-12.2889 -2.06499 -4.66884 -1.65911 -1.40202 -1.06426 0.18
-11.6172 -3.29452 -3.49985 -0.357272 0.80068 0.891671 1.46
-9.05626 -3.79452 -3.23833 -3.12961 0.174345 -1.84822 1.5
-6.41585 -7.02632 -4.85057 -2.77087 -1.0204 0.22705 1.58
-7.74119 -8.67579 -6.18709 -0.764954 -1.04416 1.56712 1.28
-8.23348 -8.70347 -6.27106 -0.568043 -0.113471 0.266096 0.74
-8.38895 -8.67537 -6.6623 -0.491979 -1.30413 0.253548 0.3
-8.1977 -9.39655 -7.87261 2.02575 -1.23501 2.56911 0.98
-8.24085 -12.5493 -7.86384 4.54307 0.00913438 2.62222 0.96
-8.46901 -14.3008 -8.10531 4.30979 -0.603675 -0.583197 0.4
-8.08141 -16.3017 -7.22514 4.46267 1.8337 0.318485 0.48
-7.91213 -20.3576 -8.98287 0.0654852 -0.896801 -2.24346 1.96
-6.31757 -21.2084 -10.3618 -3.18274 -1.13028 -2.66248 1.22
-6.91504 -23.3933 -12.3158 -2.03751 -1.91568 1.12278 1.02
-5.35953 -28.7354 -9.64571 -6.83677 1.60849 -2.89112 1.66
-3.3301 -29.4557 -9.89227 -5.86275 -0.725166 2.86476 0.34
-2.80003 -29.6724 -9.73237 -5.60281 1.59896 2.59945 0.1
0.388382 -32.4202 -10.5866 -4.03856 -0.949089 1.73805 0.9
1.49122 -38.3805 -11.0043 -6.67181 -0.366481 -2.30987 1.14
6.77358 -39.262 -7.74217 -3.38233 1.91892 1.93499 1.7
6.87054 -38.338 -8.17655 -3.30644 -1.55135 0.271041 0.28
7.38339 -36.4806 -8.06259 -2.20183 0.162797 1.57801 0.7
7.88322 -35.2719 -8.41442 -2.85479 -0.676596 -1.2557 0.52
9.47345 -34.4819 -9.57424 -2.08827 -1.52608 1.00858 0.76
10.3287 -34.5142 -11.7253 1.52076 -1.5587 2.61524 1.38
10.7035 -33.9077 -11.3942 2.24847 0.87125 1.91502 0.38
10.9949 -30.5644 -10.8409 4.97935 0.588594 2.9052 0.94
12.2968 -25.8509 -11.639 7.26605 -0.973318 2.78866 0.82
21.7559 -8.57955 -11.3779 12.6801 0.131879 2.73438 1.98
18.9816 9.84918 -10.3056 12.0794 0.678693 -0.380216 1.58
15.9026 17.9316 -10.9434 13.7946 -0.938056 2.52244 0.68
18.0505 25.2916 -11.6054 15.1265 -1.22578 2.46632 0.54
29.053 28.2658 -13.0345 13.1156 -1.624 -2.28505 0.88
36.5668 18.291 -13.9407 13.8133 -0.943998 0.726817 0.96
28.5565 7.92238 -15.7487 10.0828 -1.43494 -2.96078 1.26
22.7902 12.1303 -16.9869 7.62029 -1.43974 -2.86334 0.86
22.8094 20.3766 -17.5828 7.06313 -0.522726 -0.488739 1.14
23.7206 22.3778 -17.8313 6.71538 -0.776614 -1.08673 0.32
23.7929 22.4905 -17.8667 6.6719 -1.76705 -2.17382 0.02
26.6712 29.1568 -17.4343 2.24681 0.263645 -2.69822 1.64
26.7982 29.8757 -17.9654 -1.07246 -0.435307 -2.72071 1.22
25.7577 26.6631 -17.3435 -4.27946 0.485886 -2.50547 1.28
27.9729 22.8951 -16.2336 -6.67228 1.32124 -2.8486 0.84
32.8973 24.0391 -14.6742 -5.51196 1.69506 1.26122 0.92
34.3856 29.1473 -14.1864 -6.9845 0.567124 -1.71225 0.86
34.4446 30.8269 -14.1581 -7.02108 0.117909 -0.15239 0.24
32.2865 36.5442 -13.35 -5.05407 0.777091 1.89135 1.04
34.0128 41.1414 -15.6414 -5.07036 -1.87827 -0.0133506 1.22
39.8653 37.2467 -17.0115 -3.88 -0.805926 0.70021 1.7
