-40 -40 0 0 0 0 0
-40.3666 -39.5339 -1.35185 -1.78296 -1.93121 -2.54709 0.7
-40.4609 -39.2126 -1.21574 -1.56801 0.680554 1.07476 0.2
-41.3327 -36.6603 -1.26081 -4.11055 -0.0474473 -2.67636 0.95
-41.8945 -34.0327 -1.45905 -4.17055 -0.304985 -0.0923131 0.65
-41.9378 -33.6227 -1.47216 -4.07508 -0.131039 0.954724 0.1
-42.5943 -30.0008 -1.31679 -5.13645 0.194215 -1.32672 0.8
-43.2597 -28.4953 -0.982738 -4.31306 0.95442 2.35255 0.35
-43.6186 -25.5252 -1.93156 -3.97211 -1.26509 0.454603 0.75
-40.055 -21.8893 -2.69917 -6.45951 -0.767609 -2.4874 1
-38.7143 -20.8979 -2.31531 -6.96185 1.53542 -2.00939 0.25
-37.7098 -16.6444 -1.29328 -7.08951 1.57236 -0.196394 0.65
-35.2631 -12.0184 -2.81214 -7.34069 -1.89858 -0.313973 0.8
-34.5812 -11.7653 -2.75995 -7.20914 0.521886 1.31551 0.1
-30.8028 -8.90722 -2.21859 -6.49351 0.77337 1.02233 0.7
-29.134 -7.56116 -2.71524 -5.88448 -1.41899 1.74007 0.35
-26.5307 -5.22062 -2.08761 -5.06562 0.965582 1.25978 0.65
-26.1446 -3.31774 -1.42011 -3.72495 1.48334 2.97926 0.45
-25.4877 -1.76748 -2.67276 -1.79503 -1.92715 2.96912 0.65
-24.2394 -1.81269 -3.67087 -1.92664 -1.42587 -0.188016 0.7
-21.2472 -2.17483 -2.95114 -4.54992 0.757605 -2.76135 0.95
-18.263 -2.26854 -3.39225 -4.7116 -0.678627 -0.248727 0.65
-15.641 -1.26068 -1.96486 -2.06247 1.58599 2.94347 0.9
-15.182 -0.775349 -2.78966 -0.988728 -1.83289 2.3861 0.45
-14.4593 -0.893311 -3.74597 -1.54611 -1.59385 -0.928965 0.6
-14.3368 -0.96694 -3.61621 -1.31407 1.29756 2.32034 0.1
-13.9136 -1.191 -3.63938 -1.87863 -0.0772126 -1.88185 0.3
-13.2852 -1.58649 -3.76775 -1.83639 -0.320933 0.105599 0.4
-11.0361 -1.50592 -2.56948 -3.46639 1.33142 -1.81111 0.9
-9.25852 -0.545352 -2.74451 -1.59114 -0.218799 2.34406 0.8
-8.82129 -0.448341 -3.22428 -0.214242 -0.959533 2.7538 0.5
-9.01075 -0.534805 -2.56674 0.855931 1.01161 1.64642 0.65
-9.93234 -0.353509 -3.95004 1.68281 -1.72913 1.0336 0.8
-10.114 -0.13546 -4.08092 2.10356 -0.872523 2.80502 0.15
-10.9334 0.974822 -4.07288 3.41619 0.0160777 2.62526 0.5
-11.0823 3.40693 -5.17907 4.47508 -1.70184 1.62906 0.65
-9.71841 4.55003 -6.0202 3.67153 -1.86918 -1.78568 0.45
-7.93238 4.49905 -6.58661 4.37651 -1.25869 1.56663 0.45
-6.20128 1.33619 -8.03637 6.12598 -1.93301 2.33263 0.75
-6.00148 -2.43779 -7.54555 4.78052 0.701171 -1.92209 0.7
-5.97917 -4.24401 -8.14633 4.38842 -1.50196 -0.980233 0.4
-5.97975 -6.19268 -7.54009 3.52643 1.21248 -1.72399 0.5
-5.9762 -7.78557 -8.18239 2.95574 -1.2846 -1.14136 0.5
-7.0232 -9.10758 -8.8348 3.91015 -1.30481 1.90882 0.5
-9.13298 -12.022 -8.11097 3.44494 0.723827 -0.465218 1
-9.18826 -14.2026 -7.60533 2.0658 0.632043 -1.72393 0.8
-9.08928 -14.5286 -7.51566 2.47761 0.597818 2.74545 0.15
-9.87979 -18.2004 -8.49534 5.32888 -0.979676 2.85127 1
-10.5954 -19.9935 -7.95565 4.44235 1.34923 -2.21633 0.4
-10.4576 -21.8364 -7.59391 3.81578 0.803853 -1.39237 0.45
-8.19599 -25.6837 -7.07786 5.20901 0.516048 1.39322 1
-6.31418 -27.0146 -6.71823 5.09022 0.799194 -0.263976 0.45
-2.9896 -28.6127 -6.74345 6.26007 -0.0388117 1.79977 0.65
-0.898849 -31.7288 -7.76791 6.81224 -1.70742 0.920283 0.6
1.00562 -36.1026 -7.13713 8.11135 0.97043 1.99863 0.65
1.27953 -36.4005 -7.08405 8.08014 1.06152 -0.624125 0.05
1.82564 -37.0096 -7.16165 8.28452 -0.775997 2.04377 0.1
8.85735 -36.7565 -5.37973 9.6244 1.97991 1.48876 0.9
17.0178 -33.1603 -6.35169 9.90951 -1.02311 0.300114 0.95
22.6938 -31.0492 -5.49345 9.30818 1.32037 -0.925124 0.65
23.6984 -30.1236 -5.58462 8.91184 -0.607808 -2.64223 0.15
25.6135 -27.4399 -5.06779 7.75739 1.29207 -2.88614 0.4
25.7562 -27.0826 -5.11674 7.63324 -0.979057 -2.48287 0.05
26.0569 -26.3922 -5.12974 7.42785 -0.129967 -2.05393 0.1
21.9925 -20.6408 -3.14261 9.25977 1.98712 1.83192 1
15.0908 -21.4282 -2.91854 10.629 0.32011 1.956 0.7
7.45286 -16.9415 -4.44413 9.95838 -1.60589 -0.705879 0.95
7.27558 -14.5181 -4.83697 9.60611 -1.57135 -1.4091 0.25
11.0445 -10.3998 -6.09012 8.74791 -1.92793 -1.32031 0.65
15.5732 -7.08036 -5.1947 7.84283 1.27917 -1.29297 0.7
16.0537 -0.567821 -4.39479 8.92565 0.999893 1.35353 0.8
14.0728 3.51989 -4.12039 7.644 0.498898 -2.33027 0.55
10.1889 9.89322 -4.20898 8.07374 -0.0932519 0.452356 0.95
8.53432 14.1567 -4.47261 8.60479 -0.479319 0.965542 0.55
13.0599 21.0924 -6.07064 9.85822 -1.59804 1.25342 1
15.7902 22.0033 -5.84982 9.36913 0.736073 -1.63028 0.3
17.3939 23.0005 -5.60478 9.56253 1.22524 0.966982 0.2
19.836 28.7343 -4.6387 10.3794 1.48627 1.25666 0.65
23.8208 35.2506 -5.94579 7.85678 -1.45232 -2.80286 0.9
25.7061 35.5729 -6.2844 7.51834 -1.35444 -1.35378 0.25
30.1803 37.3201 -5.49926 5.62279 1.04684 -2.52739 0.75
32.4602 38.5038 -6.12544 4.82223 -1.25235 -1.60112 0.5
33.388 38.4833 -6.48926 4.50915 -1.81911 -1.56541 0.2
35.7221 37.3429 -6.96376 5.97962 -0.948999 2.94094 0.5
40.3813 36.9472 -5.68685 4.03012 1.27691 -1.9495 1
41.2805 38.0092 -5.1157 3.02227 1.42789 -2.51962 0.4
41.3361 39.6259 -4.35372 2.50207 1.26996 -0.867001 0.6
41.509 41.1696 -5.40434 1.32078 -1.23602 -1.38976 0.85
41.9254 41.507 -5.85175 0.643664 -0.813472 -1.23112 0.55
41.9372 41.7338 -7.70508 -0.881407 -1.95088 -1.60534 0.95
41.7929 41.6168 -8.47086 1.23631 -0.900915 2.49143 0.85
