-1.5708 0 0 0
-1.62059 -0.50858 -2.84148 0.285
-1.6699 -0.579921 -1.51702 0.135
-1.75272 -0.504218 -0.878045 0.225
-2.01618 -0.389992 -2.82414 0.72
-2.03231 0.248572 -1.49843 0.33
-1.95268 1.06436 2.71093 0.18
-1.9304 1.16289 1.37117 0.03
-1.63617 2.02155 2.58527 0.27
-1.22161 2.21448 2.36316 0.285
-0.784624 0.237609 -0.313681 0.495
-1.12104 -2.13131 -1.01039 0.495
-1.46816 -2.75118 -1.69774 0.21
-2.73282 -1.81317 -2.94022 0.705
-2.67542 2.05974 -0.566206 0.66
-1.68382 3.72551 -0.524098 0.48
-0.797634 3.33457 1.5192 0.36
-0.566412 -2.5069 -2.85629 0.75
-0.998777 -3.60066 -0.823087 0.21
-2.84677 -3.0123 -1.8682 0.705
-3.08753 -1.79634 2.50518 0.15
-3.15332 -1.49334 -2.23126 0.06
-2.6749 3.68002 2.35624 0.645
-2.55996 3.9796 1.49412 0.045
-1.84173 4.84875 -0.314769 0.24
-1.64415 5.0174 2.53307 0.06
0.0591076 3.78968 2.9102 0.54
0.823023 -0.250078 -0.702075 0.705
0.329746 -3.07535 -1.38131 0.465
-1.309 -5.91578 -0.0714626 0.525
-2.88667 -5.2037 -1.92875 0.405
-4.50663 -2.35718 -0.812235 0.705
-5.22258 -2.02301 2.47812 0.54
-6.60383 -5.24268 -0.0318289 0.6
-8.01757 -6.61952 -1.11691 0.345
-9.27245 -5.04435 0.793528 0.315
-10.7447 -2.52758 -0.993778 0.63
