-40 -40 0 0 0 0 0
-39.7138 -39.6373 1.34954 1.31371 1.8237 1.77529 0.74
-39.6796 -39.4622 1.40326 1.66074 0.447627 2.89191 0.12
-40.0644 -37.6815 2.12085 2.38505 0.779993 0.78729 0.92
-39.6486 -35.4968 0.514564 1.48532 -1.25491 -0.702915 1.28
-37.0884 -32.5195 1.12151 3.62236 0.389067 1.3699 1.56
-37.2973 -30.0207 2.2035 3.30947 1.42367 -0.411689 0.76
-36.9161 -22.1836 0.974316 6.39328 -0.71464 1.79291 1.72
-33.6713 -20.5195 -0.0759385 4.83804 -1.54449 -2.28711 0.68
-28.7633 -23.5158 -1.05859 3.83927 -0.712064 -0.723748 1.38
-28.6084 -23.8585 -1.23519 3.69197 -1.76603 -1.47295 0.1
-29.4343 -28.0378 -2.45842 1.62918 -0.719545 -1.21341 1.7
-29.8659 -28.56 -3.48006 -1.08032 -0.521245 -1.3824 1.96
-28.5181 -26.2603 -1.05371 -2.35889 1.22543 -0.645743 1.98
-30.3489 -16.9085 -1.60517 -7.47783 -0.281355 -2.6117 1.96
-30.1148 -11.6615 -1.62616 -6.34412 -0.0276259 1.49173 0.76
-29.7658 -8.29801 -1.72637 -4.93234 -0.167014 2.35297 0.6
-21.7232 0.32397 -2.79692 -9.77139 -0.63723 -2.88039 1.68
-12.1759 -2.85072 -4.27012 -5.51263 -1.02306 2.95747 1.44
-6.91606 -3.22931 -1.85246 -2.70399 1.47419 1.71259 1.64
-8.85663 -1.68604 0.770456 -1.57215 1.68135 0.725535 1.56
-9.46354 -1.94802 -0.0226463 -0.940093 -1.46871 1.17048 0.54
-10.1822 -1.98775 0.169271 -0.261179 0.159932 0.565762 1.2
-8.46476 -2.6115 -0.569731 2.8654 -0.520424 2.20182 1.42
-8.16882 -2.79526 -0.541737 2.94061 0.23328 0.626765 0.12
-6.76875 -5.46419 -1.54225 5.11082 -1.28271 2.78232 0.78
-6.62625 -11.5518 -1.55311 3.71428 -0.00786554 -1.01199 1.38
-7.45854 -14.81 -2.08172 4.01816 -0.600699 0.345322 0.88
-8.04354 -20.6197 -1.1886 2.46985 0.480171 -0.832428 1.86
-8.72519 -22.3108 -2.77227 2.0369 -1.75963 -0.481049 0.9
-7.84681 -25.5476 -0.0953212 3.40989 1.59342 0.817257 1.68
-6.51519 -26.3297 -1.01372 2.51424 -1.70073 -1.65862 0.54
-6.10769 -27.4949 -1.44486 2.89421 -0.937266 0.826028 0.46
-5.5644 -33.0578 -1.50001 3.60592 -0.0320677 0.41378 1.72
-2.66683 -34.3649 0.691989 3.26503 1.92281 -0.299019 1.14
0.53954 -32.0767 0.557597 5.12234 -0.142971 1.97586 0.94
5.11997 -35.9548 -2.04883 4.2993 -1.51537 -0.478512 1.72
4.89128 -38.0416 -1.33913 5.44527 1.61296 2.60447 0.44
5.40929 -41.345 -1.50439 3.36381 -0.217449 -2.73876 0.76
7.77831 -41.6002 2.18798 0.881432 1.90328 -1.27958 1.94
8.56669 -41.2189 -1.40192 0.761036 -1.83158 -0.0614265 1.96
8.78782 -41.6561 -0.876371 1.84588 1.38303 2.85484 0.38
11.5799 -42.8382 -0.00981795 3.3643 0.722127 1.26536 1.2
12.1157 -42.913 -0.266898 3.4179 -1.60675 0.334978 0.16
14.6758 -43.2315 0.088443 0.901874 0.296118 -2.09669 1.2
14.889 -43.077 -1.73087 -0.833192 -1.68455 -1.60654 1.08
15.8789 -42.5974 -3.43845 -1.74801 -1.77873 -0.952932 0.96
16.9599 -42.6988 -2.97949 -0.859218 0.54637 1.05808 0.84
16.8797 -42.0283 -4.55177 1.43603 -0.893339 1.30412 1.76
17.0374 -40.0923 -4.98244 3.11474 -0.500781 1.95199 0.86
22.3884 -35.0675 -5.97791 5.67064 -0.57211 1.4689 1.74
24.954 -30.3 -4.48777 6.98312 1.58526 1.39626 0.94
24.1736 -27.5683 -4.37928 6.55225 0.25832 -1.02587 0.42
19.2857 -17.7115 -4.11774 5.57243 0.143703 -0.538364 1.82
18.6763 -12.4735 -5.07428 5.61102 -0.976066 0.0393776 0.98
21.784 -2.50343 -4.96322 8.90076 0.0771253 2.28454 1.44
20.4512 15.0814 -4.3142 9.22913 0.327788 0.165844 1.98
19.6284 18.265 -4.60544 9.1036 -0.80899 -0.348701 0.36
25.2696 24.078 -6.44379 7.02764 -1.58479 -1.78962 1.16
25.4082 24.0533 -6.47627 7.04756 -1.62374 0.995817 0.02
30.536 25.9708 -5.39081 7.70307 1.39161 0.840397 0.78
37.5137 28.9654 -6.44376 4.91501 -0.835679 -2.21275 1.26
41.4392 26.0531 -7.44602 3.72421 -0.849374 -1.00915 1.18
43.1385 24.0075 -6.17884 -0.937662 0.659992 -2.42806 1.92
42.7639 24.0135 -6.39785 -1.74396 -0.782177 -2.87962 0.28
41.8897 24.4655 -7.08464 -2.43726 -1.43082 -1.44439 0.48
41.2047 26.4437 -8.34332 -0.116891 -0.73179 1.34905 1.72
41.2633 26.5079 -8.78951 -0.248264 -0.929562 -0.273695 0.48
40.7256 26.7625 -10.1961 1.05122 -0.93773 0.866323 1.5
39.8967 28.63 -10.8807 2.15182 -0.526582 0.846617 1.3
40.1787 29.5842 -11.6878 2.10873 -1.68162 -0.0897661 0.48
40.1896 31.9202 -10.404 3.2145 1.36578 1.17634 0.94
40.6398 36.7246 -11.7044 4.40301 -0.956177 0.873904 1.36
43.5059 37.2917 -13.6705 0.152572 -1.36537 -2.95169 1.44
