-40 -40 0 0 0 0 0
-39.6589 -39.9963 0.0164196 1.06605 0.0256556 1.6657 0.64
-38.5929 -39.9687 0.0333523 2.16541 0.0256556 1.6657 0.66
-38.5493 -39.9672 0.0338654 2.19872 0.0256556 1.6657 0.02
-38.5055 -39.9652 0.0582228 2.18315 1.21787 -0.778398 0.02
-38.4182 -39.9621 0.0143707 2.18284 -1.0963 -0.00770457 0.04
-38.2873 -39.9645 -0.0514076 2.18238 -1.0963 -0.00770457 0.06
-37.4167 -40.1372 -0.324998 3.05501 -0.804677 2.56656 0.34
-37.1801 -40.2256 -0.389372 3.26034 -0.804677 2.56656 0.08
-36.746 -40.4335 -0.502027 3.61966 -0.804677 2.56656 0.14
-36.1651 -40.8106 -0.646869 4.08164 -0.804677 2.56656 0.18
-35.8399 -41.0777 -0.727337 4.3383 -0.804677 2.56656 0.1
-35.0685 -41.8576 -0.859203 3.50238 -0.470951 -2.9854 0.28
-34.937 -42.0146 -0.88746 3.32326 -0.470951 -2.9854 0.06
-34.577 -42.5004 -0.98165 2.72618 -0.470951 -2.9854 0.2
-34.3464 -42.8778 -1.06642 2.18881 -0.470951 -2.9854 0.18
-34.0995 -43.4179 -1.23596 1.11406 -0.470951 -2.9854 0.36
-34.0581 -43.5516 -1.31132 0.6364 -0.470951 -2.9854 0.16
-34.0429 -43.6174 -1.40551 0.0393197 -0.470951 -2.9854 0.2
-34.0465 -43.5857 -1.48086 -0.438344 -0.470951 -2.9854 0.16
-34.0658 -43.4234 -1.43071 -1.04784 0.227957 -2.77042 0.22
-34.1874 -42.7945 -1.33952 -2.156 0.227957 -2.77042 0.4
-34.2426 -42.5718 -1.31673 -2.43305 0.227957 -2.77042 0.1
-34.4276 -41.9344 -1.26202 -3.09795 0.227957 -2.77042 0.24
-34.4868 -41.753 -1.24834 -3.26417 0.227957 -2.77042 0.06
-35.0046 -40.4093 -1.16172 -4.31693 0.227957 -2.77042 0.38
-35.3472 -39.6623 -1.12069 -4.8156 0.227957 -2.77042 0.18
-35.5876 -39.0196 -1.30383 -5.00021 -1.30818 -1.3186 0.14
-35.7209 -37.7939 -1.6178 -5.31667 -1.30818 -1.3186 0.24
-35.6604 -37.2594 -1.74861 -5.44853 -1.30818 -1.3186 0.1
-35.5276 -36.7246 -1.87943 -5.58039 -1.30818 -1.3186 0.1
-35.4126 -36.4077 -1.95792 -5.65951 -1.30818 -1.3186 0.06
-34.6911 -35.219 -2.27189 -5.97598 -1.30818 -1.3186 0.24
-33.4726 -34.1967 -2.61201 -6.31881 -1.30818 -1.3186 0.26
-32.5375 -33.7742 -2.82132 -6.52979 -1.30818 -1.3186 0.16
-31.8997 -33.6082 -2.95214 -6.66165 -1.30818 -1.3186 0.1
-31.5022 -33.5481 -3.03063 -6.74077 -1.30818 -1.3186 0.06
-31.2348 -33.5102 -2.97138 -6.76624 1.48139 -0.636958 0.04
-29.8201 -33.0198 -2.64547 -6.90637 1.48139 -0.636958 0.22
-28.6126 -32.0834 -2.31956 -7.0465 1.48139 -0.636958 0.22
-28.1709 -31.5311 -2.17143 -7.1102 1.48139 -0.636958 0.1
-27.7515 -30.7841 -1.99366 -7.18664 1.48139 -0.636958 0.12
-27.3438 -29.2478 -1.66775 -7.32677 1.48139 -0.636958 0.22
-27.4515 -27.6313 -1.34184 -7.4669 1.48139 -0.636958 0.22
-27.5704 -26.8871 -1.48246 -7.61792 -1.40611 -1.51024 0.1
-27.59 -26.2735 -1.59494 -7.73874 -1.40611 -1.51024 0.08
-27.5841 -26.1185 -1.62307 -7.76895 -1.40611 -1.51024 0.02
-27.5678 -25.8102 -1.6239 -7.66911 -0.0209197 2.49586 0.04
-27.4285 -23.3509 -1.63102 -6.82052 -0.0209197 2.49586 0.34
-27.4201 -21.0501 -1.51983 -7.56682 0.34747 -2.33218 0.32
-27.4283 -20.8985 -1.51288 -7.61346 0.34747 -2.33218 0.02
-27.4095 -17.3973 -1.63946 -7.61955 -0.275192 -0.0132318 0.46
-27.2439 -15.7292 -1.70001 -7.62246 -0.275192 -0.0132318 0.22
-26.2385 -11.1147 -1.87063 -7.63066 -0.275192 -0.0132318 0.62
-26.0517 -10.5335 -1.89264 -7.63172 -0.275192 -0.0132318 0.08
-25.8311 -9.50336 -1.67012 -7.44933 1.58946 1.30281 0.14
-25.9499 -7.90863 -1.32044 -7.16271 1.58946 1.30281 0.22
-26.1794 -7.23778 -1.16149 -7.03243 1.58946 1.30281 0.1
-26.506 -6.6232 -1.00254 -6.90214 1.58946 1.30281 0.1
-27.4016 -5.61477 -0.684653 -6.64158 1.58946 1.30281 0.2
-27.7199 -5.37921 -0.589286 -6.56341 1.58946 1.30281 0.06
-27.8286 -5.30655 -0.588988 -6.51451 0.0148786 2.44524 0.02
-29.9286 -3.91277 -0.582739 -5.48751 0.0148786 2.44524 0.42
-31.0523 -3.17522 -0.578871 -4.85174 0.0148786 2.44524 0.26
-31.376 -2.94762 -0.64627 -5.04339 -0.842495 -2.39556 0.08
-31.4564 -2.88591 -0.66312 -5.0913 -0.842495 -2.39556 0.02
-32.0083 -2.39921 -0.781069 -5.42668 -0.842495 -2.39556 0.14
-32.8765 -1.34065 -0.983268 -6.00162 -0.842495 -2.39556 0.24
-33.5285 -0.128557 -1.16862 -6.52864 -0.842495 -2.39556 0.22
-33.5788 -0.00753466 -1.18547 -6.57655 -0.842495 -2.39556 0.02
-33.7868 0.601275 -1.29852 -6.29749 -1.13052 2.79059 0.1
-33.9738 2.34653 -1.63768 -5.46032 -1.13052 2.79059 0.3
-33.6638 3.72572 -1.95422 -4.67895 -1.13052 2.79059 0.28
-33.4708 4.13632 -2.06727 -4.39989 -1.13052 2.79059 0.1
-33.0017 4.81184 -2.29338 -3.84177 -1.13052 2.79059 0.2
-32.5825 5.21 -2.47426 -3.39528 -1.13052 2.79059 0.16
-32.4758 5.29029 -2.51948 -3.28366 -1.13052 2.79059 0.04
-32.2369 5.49893 -2.32573 -3.06997 1.93757 2.13684 0.1
-31.9525 5.92875 -1.97696 -2.68534 1.93757 2.13684 0.18
-31.8516 6.31653 -1.66695 -2.34345 1.93757 2.13684 0.16
-31.8463 6.45311 -1.5507 -2.21524 1.93757 2.13684 0.06
-31.8797 6.70075 -1.31819 -1.95882 1.93757 2.13684 0.12
-31.9913 6.96288 -1.00818 -1.61692 1.93757 2.13684 0.16
-32.1613 7.15315 -0.659419 -1.23229 1.93757 2.13684 0.18
-32.219 7.19284 -0.543165 -1.10408 1.93757 2.13684 0.06
-32.3087 7.23613 -0.349408 -0.890398 1.93757 2.13684 0.1
-32.4315 7.25987 -0.000646409 -0.505767 1.93757 2.13684 0.18
-32.4844 7.25306 0.309364 -0.163873 1.93757 2.13684 0.16
-32.49 7.25098 0.425618 -0.0356631 1.93757 2.13684 0.06
-32.4903 7.25086 0.464369 0.00707363 1.93757 2.13684 0.02
-32.4585 7.26361 0.339161 0.421059 -0.782556 2.58741 0.16
-32.2879 7.30392 0.151347 1.04204 -0.782556 2.58741 0.24
-32.0592 7.32147 0.0104872 1.50777 -0.782556 2.58741 0.18
-31.5829 7.27491 -0.192977 2.1805 -0.782556 2.58741 0.26
-31.4955 7.2564 -0.224279 2.28399 -0.782556 2.58741 0.04
-31.1254 7.21317 -0.00976919 2.38298 1.34069 0.618662 0.16
-31.0776 7.21335 0.0170446 2.39535 1.34069 0.618662 0.02
-30.8482 7.1976 -0.156472 2.20979 -1.73516 -1.85563 0.1
-30.6818 7.1595 -0.295285 2.06134 -1.73516 -1.85563 0.08
-30.3478 6.99276 -0.642317 1.69021 -1.73516 -1.85563 0.2
-30.1561 6.79825 -0.954647 1.3562 -1.73516 -1.85563 0.18
-30.0742 6.64787 -1.19757 1.09641 -1.73516 -1.85563 0.14
-30.0544 6.58866 -1.30168 0.985075 -1.73516 -1.85563 0.06
-30.0363 6.44312 -1.61401 0.651062 -1.73516 -1.85563 0.18
-30.0542 6.35219 -1.96104 0.279936 -1.73516 -1.85563 0.2
-30.0638 6.33356 -2.20396 0.0201487 -1.73516 -1.85563 0.14
-30.0634 6.33408 -2.27337 -0.0540764 -1.73516 -1.85563 0.04
-30.0629 6.33461 -2.29073 -0.0152461 -0.868077 1.94151 0.02
-30.1713 6.25583 -2.6206 0.722529 -0.868077 1.94151 0.38
-30.3174 6.18742 -2.77686 1.072 -0.868077 1.94151 0.18
-30.3379 6.17982 -2.79422 1.11083 -0.868077 1.94151 0.02
-30.4776 6.13969 -2.94043 0.707619 -0.913863 -2.52008 0.16
-30.5761 6.12825 -3.19632 0.00199672 -0.913863 -2.52008 0.28
-30.5682 6.12743 -3.26943 -0.19961 -0.913863 -2.52008 0.08
-30.3661 6.06078 -3.58014 -1.05644 -0.913863 -2.52008 0.34
-30.3466 6.05142 -3.59842 -1.10684 -0.913863 -2.52008 0.02
-29.8971 5.71862 -3.92741 -2.01407 -0.913863 -2.52008 0.36
-29.811 5.62752 -3.98224 -2.16527 -0.913863 -2.52008 0.06
-29.6663 5.44994 -4.07362 -2.41728 -0.913863 -2.52008 0.1
-29.5319 5.2371 -4.22241 -2.62221 -1.48788 -2.04927 0.1
-29.5077 5.1901 -4.25217 -2.66319 -1.48788 -2.04927 0.02
-29.3396 4.63975 -4.57121 -3.11584 -1.59519 -2.26322 0.2
-29.3218 4.44963 -4.66692 -3.25163 -1.59519 -2.26322 0.06
-29.3542 3.97431 -4.89024 -3.56848 -1.59519 -2.26322 0.14
-29.6463 3.1915 -5.24118 -4.06639 -1.59519 -2.26322 0.22
-29.9411 2.78334 -5.43261 -4.33797 -1.59519 -2.26322 0.12
-30.1912 2.53276 -5.56022 -4.51903 -1.59519 -2.26322 0.08
-30.9914 2.03004 -5.87926 -4.97167 -1.59519 -2.26322 0.2
-31.473 1.86853 -6.03878 -5.198 -1.59519 -2.26322 0.1
-31.9965 1.78187 -6.1983 -5.42432 -1.59519 -2.26322 0.1
-32.1051 1.77437 -6.2302 -5.46958 -1.59519 -2.26322 0.02
-34.6964 2.06804 -6.55755 -5.91973 -0.711634 -0.978577 0.46
-36.709 2.92773 -6.81374 -6.27201 -0.711634 -0.978577 0.36
-37.2423 3.26675 -6.8849 -6.36987 -0.711634 -0.978577 0.1
-38.0576 3.89805 -6.99876 -6.52644 -0.711634 -0.978577 0.16
-39.2504 5.14768 -7.18379 -6.78088 -0.711634 -0.978577 0.26
-39.4163 5.36323 -7.21225 -6.82002 -0.711634 -0.978577 0.04
-39.9916 6.43955 -7.51422 -6.79168 -1.67759 0.157461 0.18
-40.2226 7.76845 -7.84974 -6.76018 -1.67759 0.157461 0.2
-40.0042 9.09314 -8.18526 -6.72869 -1.67759 0.157461 0.2
-39.3648 10.2666 -8.52078 -6.6972 -1.67759 0.157461 0.2
-39.1923 10.4713 -8.58788 -6.6909 -1.67759 0.157461 0.04
-38.3794 11.1598 -8.8563 -6.66571 -1.67759 0.157461 0.16
-37.2892 11.6436 -9.15826 -6.63736 -1.67759 0.157461 0.18
-36.9006 11.7289 -9.25892 -6.62792 -1.67759 0.157461 0.06
-36.7704 11.7518 -9.24309 -6.59509 0.791314 1.64111 0.02
-36.6412 11.7765 -9.22727 -6.56227 0.791314 1.64111 0.02
-36.3859 11.8318 -9.19561 -6.49663 0.791314 1.64111 0.04
-34.0093 12.815 -8.86326 -5.80736 0.791314 1.64111 0.42
-33.1049 13.4882 -8.705 -5.47914 0.791314 1.64111 0.2
-32.9433 13.6344 -8.67335 -5.41349 0.791314 1.64111 0.04
-31.6657 14.6324 -8.84997 -5.40914 -0.588761 0.0145053 0.3
-31.4827 14.7479 -8.87352 -5.40856 -0.588761 0.0145053 0.04
-30.4467 15.641 -8.55889 -6.03711 1.31096 -2.61895 0.24
-30.3693 15.7344 -8.53268 -6.08949 1.31096 -2.61895 0.02
-29.8242 16.5799 -8.32292 -6.50852 1.31096 -2.61895 0.16
-29.6104 17.0636 -8.21805 -6.71804 1.31096 -2.61895 0.08
-29.2639 18.8567 -7.8772 -7.39897 1.31096 -2.61895 0.26
-29.2816 19.4565 -7.77232 -7.60848 1.31096 -2.61895 0.08
-29.5143 20.6832 -7.56257 -8.02752 1.31096 -2.61895 0.16
-29.5626 20.8369 -7.53635 -8.0799 1.31096 -2.61895 0.02
-31.0179 23.7034 -7.23188 -8.05628 0.761169 0.0590499 0.4
-31.4091 24.2152 -7.17099 -8.05155 0.761169 0.0590499 0.08
-33.3882 26.0905 -6.91219 -8.03147 0.761169 0.0590499 0.34
-33.5188 26.184 -6.89697 -8.03029 0.761169 0.0590499 0.02
-33.6501 26.276 -6.89262 -7.99848 0.217374 1.59077 0.02
-35.0842 27.2274 -6.8448 -7.64851 0.217374 1.59077 0.22
-35.2136 27.3084 -6.84045 -7.61669 0.217374 1.59077 0.02
-35.4666 27.4746 -6.88811 -7.51984 -1.19148 2.4213 0.04
-36.6477 28.5409 -7.15023 -6.98716 -1.19148 2.4213 0.22
-36.8222 28.7567 -7.19789 -6.89031 -1.19148 2.4213 0.04
-37.332 29.5462 -7.3647 -6.55132 -1.19148 2.4213 0.14
-37.685 30.3658 -7.53151 -6.21234 -1.19148 2.4213 0.14
-37.9164 31.4176 -7.74597 -5.77651 -1.19148 2.4213 0.18
-37.944 31.9822 -7.86512 -5.53438 -1.19148 2.4213 0.1
-37.9414 32.0923 -7.88895 -5.48595 -1.19148 2.4213 0.02
-37.6928 33.4082 -8.19873 -4.85642 -1.19148 2.4213 0.26
-37.2826 34.2324 -8.43703 -4.37216 -1.19148 2.4213 0.2
-37.133 34.4425 -8.50852 -4.22688 -1.19148 2.4213 0.06
-36.7518 34.8628 -8.67533 -3.8879 -1.19148 2.4213 0.14
-36.3434 35.1846 -8.84213 -3.54891 -1.19148 2.4213 0.14
-36.0467 35.3559 -8.96128 -3.30678 -1.19148 2.4213 0.1
-35.9877 35.3846 -8.98511 -3.25836 -1.19148 2.4213 0.02
-34.4573 36.1063 -8.98301 -2.19982 0.00338254 1.70732 0.62
-33.5011 36.5596 -8.98085 -1.10714 0.00338254 1.70732 0.64
-33.3055 36.6527 -8.98004 -0.697384 0.00338254 1.70732 0.24
-33.2172 36.6948 -8.97943 -0.390067 0.00338254 1.70732 0.18
-33.1923 36.7075 -8.90756 -0.00874063 0.51331 2.72376 0.14
-33.1992 36.7033 -8.8665 0.20916 0.51331 2.72376 0.08
-33.266 36.6563 -8.7741 0.699436 0.51331 2.72376 0.18
-33.2898 36.6378 -8.75357 0.808386 0.51331 2.72376 0.04
-33.3965 36.5321 -8.53662 0.86322 1.20527 0.304631 0.18
-33.5134 36.3296 -8.22325 0.942424 1.20527 0.304631 0.26
-33.5674 36.0605 -7.88578 1.02772 1.20527 0.304631 0.28
-33.5677 36.0191 -7.83757 1.03991 1.20527 0.304631 0.04
-33.5477 35.883 -7.57287 0.931646 1.89072 -0.773283 0.14
-33.481 35.7437 -7.23254 0.792455 1.89072 -0.773283 0.18
-33.3893 35.6522 -6.89221 0.653264 1.89072 -0.773283 0.18
-33.3786 35.645 -6.8544 0.637799 1.89072 -0.773283 0.02
-33.2542 35.5886 -6.57893 0.885031 1.53039 1.37351 0.18
-33.1194 35.5634 -6.36467 1.07732 1.53039 1.37351 0.14
-33.0289 35.5616 -6.24224 1.1872 1.53039 1.37351 0.08
-32.7703 35.6138 -5.93616 1.46191 1.53039 1.37351 0.2
-32.4639 35.7895 -5.59947 1.76408 1.53039 1.37351 0.22
-32.1892 36.1064 -5.26279 2.06625 1.53039 1.37351 0.22
-32.1095 36.2561 -5.14036 2.17613 1.53039 1.37351 0.08
-32.0099 36.5576 -4.9261 2.36843 1.53039 1.37351 0.14
-31.9924 36.6518 -4.86488 2.42337 1.53039 1.37351 0.04
-31.9805 36.7491 -4.80367 2.47831 1.53039 1.37351 0.04
-31.9526 36.9406 -4.91148 2.36215 -1.34764 -1.45196 0.08
-31.8775 37.2028 -5.0732 2.18792 -1.34764 -1.45196 0.12
-31.7701 37.4305 -5.23491 2.01368 -1.34764 -1.45196 0.12
-31.4941 37.7726 -5.55835 1.66521 -1.34764 -1.45196 0.24
-31.194 37.9647 -5.88178 1.31674 -1.34764 -1.45196 0.24
-31.1461 37.9835 -5.93569 1.25866 -1.34764 -1.45196 0.04
-31.1227 37.9923 -5.90625 1.2351 1.47175 -1.17813 0.02
-30.9979 38.0547 -5.72964 1.09372 1.47175 -1.17813 0.12
-30.9141 38.1153 -5.58247 0.97591 1.47175 -1.17813 0.1
-30.7924 38.2551 -5.25868 0.716722 1.47175 -1.17813 0.22
-30.7427 38.3737 -4.9349 0.457534 1.47175 -1.17813 0.22
-30.7368 38.4453 -4.61111 0.198346 1.47175 -1.17813 0.22
-30.7399 38.4617 -4.37563 0.00984623 1.47175 -1.17813 0.16
-30.7393 38.4603 -4.28733 -0.0608414 1.47175 -1.17813 0.06
-30.7149 38.4264 -3.96354 -0.320029 1.47175 -1.17813 0.22
-30.6257 38.3617 -3.61032 -0.60278 1.47175 -1.17813 0.24
-30.603 38.3511 -3.55145 -0.649905 1.47175 -1.17813 0.04
-30.5084 38.307 -3.60653 -0.509741 -0.305986 0.778689 0.18
-30.3649 38.2225 -3.80236 -0.0113796 -0.305986 0.778689 0.64
-30.3847 38.2342 -3.61159 0.299631 1.19233 1.94382 0.16
-30.5218 38.2753 -3.30159 0.805024 1.19233 1.94382 0.26
-30.653 38.2848 -3.13466 1.07716 1.19233 1.94382 0.14
-30.8219 38.269 -2.96773 1.34929 1.19233 1.94382 0.14
-31.2464 38.114 -2.63388 1.89356 1.19233 1.94382 0.28
-31.4479 37.9818 -2.4908 2.12682 1.19233 1.94382 0.12
-31.4823 37.9558 -2.49779 2.17855 -0.349177 2.5866 0.02
-31.6341 37.8543 -2.60472 2.38953 -1.33664 2.63727 0.08
-32.2967 37.608 -2.95224 3.07522 -1.33664 2.63727 0.26
-32.4838 37.5799 -3.03244 3.23346 -1.33664 2.63727 0.06
-33.107 37.5886 -3.27304 3.70817 -1.33664 2.63727 0.18
-34.0269 37.8692 -3.59383 4.34111 -1.33664 2.63727 0.24
-34.9352 38.5125 -3.91463 4.97406 -1.33664 2.63727 0.24
-35.5205 39.2427 -4.15522 5.44877 -1.33664 2.63727 0.18
-35.7347 39.6318 -4.26215 5.65975 -1.33664 2.63727 0.08
-35.995 40.4961 -4.57738 5.67127 -1.97019 0.0720311 0.16
-35.9746 41.4005 -4.89261 5.6828 -1.97019 0.0720311 0.16
-35.8582 41.8397 -5.05023 5.68856 -1.97019 0.0720311 0.08
-35.618 42.3548 -5.24725 5.69576 -1.97019 0.0720311 0.1
-35.0379 43.0539 -5.56248 5.70729 -1.97019 0.0720311 0.16
-34.2681 43.5398 -5.87771 5.71881 -1.97019 0.0720311 0.16
-33.2695 43.7716 -6.23234 5.73178 -1.97019 0.0720311 0.18
-32.8114 43.7588 -6.38996 5.73754 -1.97019 0.0720311 0.08
-32.034 43.6482 -6.45966 5.48208 -0.497888 -1.8247 0.14
-31.5059 43.5404 -6.50945 5.29961 -0.497888 -1.8247 0.1
-31.0014 43.4111 -6.55924 5.11714 -0.497888 -1.8247 0.1
-29.2342 42.7194 -6.75839 4.38726 -0.497888 -1.8247 0.4
-28.3087 42.1662 -6.88785 3.91284 -0.497888 -1.8247 0.26
-27.9411 41.8958 -6.94759 3.69387 -0.497888 -1.8247 0.12
-27.3626 41.3904 -7.05713 3.29244 -0.497888 -1.8247 0.22
-26.7304 40.6692 -7.21645 2.70854 -0.497888 -1.8247 0.32
-26.6986 40.6258 -7.22641 2.67204 -0.497888 -1.8247 0.02
-26.3253 39.8944 -7.54172 2.48134 -0.985333 -0.595941 0.32
-26.2351 39.516 -7.69937 2.38599 -0.985333 -0.595941 0.16
-26.2066 39.1433 -7.85702 2.29064 -0.985333 -0.595941 0.16
-26.2291 38.8296 -7.99497 2.20721 -0.985333 -0.595941 0.14
-26.2432 38.7429 -8.03438 2.18337 -0.985333 -0.595941 0.04
-26.3305 38.4129 -8.19203 2.08802 -0.985333 -0.595941 0.16
-26.3956 38.0832 -7.89427 1.65932 1.65423 -2.38167 0.18
-26.3628 37.8022 -7.56343 1.18299 1.65423 -2.38167 0.2
-26.3558 37.7801 -7.53034 1.13535 1.65423 -2.38167 0.02
-26.2824 37.6321 -7.23258 0.706651 1.65423 -2.38167 0.18
-26.2323 37.5757 -7.00099 0.373217 1.65423 -2.38167 0.14
-26.2182 37.5644 -6.90173 0.230317 1.65423 -2.38167 0.06
-26.2091 37.5586 -6.76939 0.0397838 1.65423 -2.38167 0.08
-26.2207 37.5627 -6.57089 -0.246017 1.65423 -2.38167 0.12
-26.2259 37.5642 -6.5378 -0.29365 1.65423 -2.38167 0.02
-26.3168 37.5725 -6.24654 -0.622168 1.4563 -1.64259 0.2
-26.4889 37.5361 -5.92616 -0.983538 1.4563 -1.64259 0.22
-26.5459 37.5119 -5.83878 -1.08209 1.4563 -1.64259 0.06
-26.7095 37.4081 -5.60577 -1.34491 1.4563 -1.64259 0.16
-26.9498 37.1292 -5.25626 -1.73913 1.4563 -1.64259 0.24
-27.1053 36.7384 -4.93588 -2.1005 1.4563 -1.64259 0.22
-27.1141 36.697 -4.90675 -2.13335 1.4563 -1.64259 0.02
-27.1218 36.6547 -4.87762 -2.1662 1.4563 -1.64259 0.02
-27.1296 36.6117 -4.90893 -2.20272 -1.56532 -1.82563 0.02
-27.2957 36.1665 -5.22199 -2.56784 -1.56532 -1.82563 0.2
-27.6796 35.6975 -5.56636 -2.96948 -1.56532 -1.82563 0.22
-28.0928 35.4211 -5.81681 -3.26158 -1.56532 -1.82563 0.16
-28.2125 35.3655 -5.87943 -3.33461 -1.56532 -1.82563 0.04
-28.9663 35.1903 -6.2238 -3.73624 -1.56532 -1.82563 0.22
-29.743 35.2679 -6.53686 -4.10137 -1.56532 -1.82563 0.2
-30.2952 35.4785 -6.756 -4.35696 -1.56532 -1.82563 0.14
-30.5997 35.6593 -6.88123 -4.50301 -1.56532 -1.82563 0.08
-31.2784 36.3 -7.19429 -4.86813 -1.56532 -1.82563 0.2
-31.4481 36.5415 -7.28821 -4.97767 -1.56532 -1.82563 0.06
-31.5004 36.6267 -7.31952 -5.01418 -1.56532 -1.82563 0.02
-31.7959 37.2815 -7.53866 -5.26977 -1.56532 -1.82563 0.14
-31.8271 37.3826 -7.56997 -5.30628 -1.56532 -1.82563 0.02
-31.9844 38.3351 -7.80968 -5.44612 -1.33174 -0.776875 0.18
-31.9883 38.5535 -7.86295 -5.4772 -1.33174 -0.776875 0.04
-31.7963 39.6934 -8.18267 -5.07623 -1.45326 1.82259 0.22
-31.5083 40.3222 -8.38613 -4.82107 -1.45326 1.82259 0.14
-31.2971 40.6376 -8.50239 -4.67526 -1.45326 1.82259 0.08
-30.7972 41.1601 -8.73491 -4.38364 -1.45326 1.82259 0.16
-30.5191 41.3637 -8.85117 -4.23784 -1.45326 1.82259 0.08
-30.3721 41.4513 -8.92331 -4.32124 -1.80349 -2.08511 0.04
-29.7914 41.6791 -9.1758 -4.61316 -1.80349 -2.08511 0.14
-28.9341 41.7517 -9.50043 -4.98848 -1.80349 -2.08511 0.18
-28.0331 41.5313 -9.82506 -5.3638 -1.80349 -2.08511 0.18
-27.8372 41.4399 -9.8972 -5.4472 -1.80349 -2.08511 0.04
-27.1925 40.9991 -10.1497 -5.73912 -1.80349 -2.08511 0.14
-26.5231 40.1745 -10.4743 -6.11444 -1.80349 -2.08511 0.18
-26.2639 39.6101 -10.6547 -6.32295 -1.80349 -2.08511 0.1
-26.1281 39.1164 -10.7989 -6.48975 -1.80349 -2.08511 0.08
-26.1049 38.9883 -10.835 -6.53146 -1.80349 -2.08511 0.02
-26.0936 37.1057 -11.1479 -6.07037 -1.04292 1.53695 0.3
-26.1595 36.7504 -11.2105 -5.97815 -1.04292 1.53695 0.06
-26.1833 36.6336 -11.182 -5.93747 1.42307 2.03427 0.02
-26.2204 36.4007 -11.1251 -5.8561 1.42307 2.03427 0.04
-26.2479 35.2719 -10.9123 -5.45728 1.06397 1.99407 0.2
-26.2377 35.1636 -10.891 -5.4174 1.06397 1.99407 0.02
-26.2107 34.9502 -10.8484 -5.33764 1.06397 1.99407 0.04
-26.1861 34.7361 -10.9139 -5.44097 -1.63605 -2.58321 0.04
-26.2129 33.9512 -11.1429 -5.80262 -1.63605 -2.58321 0.14
-26.5848 32.8032 -11.4701 -6.31926 -1.63605 -2.58321 0.2
-26.849 32.3629 -11.601 -6.52592 -1.63605 -2.58321 0.08
-27.3673 31.7529 -11.7974 -6.8359 -1.63605 -2.58321 0.12
-27.6791 31.4796 -11.8955 -6.99089 -1.63605 -2.58321 0.06
-28.5303 30.9514 -12.1246 -7.35254 -1.63605 -2.58321 0.14
-29.2299 30.6885 -12.2882 -7.61086 -1.63605 -2.58321 0.1
-29.9882 30.5379 -12.4518 -7.86918 -1.63605 -2.58321 0.1
-31.4404 30.5874 -12.7463 -8.33416 -1.63605 -2.58321 0.18
-31.6044 30.62 -12.779 -8.38583 -1.63605 -2.58321 0.02
-32.5785 30.9335 -12.9753 -8.69581 -1.63605 -2.58321 0.12
-33.2041 31.255 -13.1062 -8.90247 -1.63605 -2.58321 0.08
-33.3558 31.3493 -13.1389 -8.95413 -1.63605 -2.58321 0.02
-33.7983 31.6444 -13.1701 -8.77639 -0.520309 2.96245 0.06
-36.1809 33.6527 -13.3679 -7.65066 -0.520309 2.96245 0.38
-36.6886 34.2049 -13.4199 -7.35441 -0.520309 2.96245 0.1
-36.97 34.5378 -13.4511 -7.17666 -0.520309 2.96245 0.06
-37.7857 35.6453 -13.5552 -6.58417 -0.520309 2.96245 0.2
-38.366 36.6227 -13.6488 -6.05093 -0.520309 2.96245 0.18
-38.8531 37.665 -13.7529 -5.45844 -0.520309 2.96245 0.2
-38.8933 37.7658 -13.7633 -5.3992 -0.520309 2.96245 0.02
-38.9335 37.8665 -13.7517 -5.44095 0.58036 -2.08751 0.02
-38.9731 37.9679 -13.7788 -5.44421 -1.35678 -0.163163 0.02
-39.0439 38.1739 -13.8331 -5.45073 -1.35678 -0.163163 0.04
-39.3531 39.9579 -14.1053 -4.63916 -0.756227 2.25438 0.36
-39.346 40.4982 -14.1961 -4.36863 -0.756227 2.25438 0.12
-39.1429 41.6875 -14.4229 -3.69232 -0.756227 2.25438 0.3
-39.0997 41.8268 -14.4532 -3.60215 -0.756227 2.25438 0.04
-38.9262 42.2765 -14.5591 -3.28653 -0.756227 2.25438 0.14
-38.5421 42.952 -14.7557 -2.7004 -0.756227 2.25438 0.26
-38.1954 43.3646 -14.9221 -2.20443 -0.756227 2.25438 0.22
-37.8683 43.6436 -15.0884 -1.70847 -0.756227 2.25438 0.22
-37.7607 43.7156 -15.1489 -1.52812 -0.756227 2.25438 0.08
-37.6012 43.8086 -15.2154 -1.11036 -0.474727 2.98403 0.14
-37.4141 43.8952 -15.3863 -0.0361032 -0.474727 2.98403 0.36
-37.4172 43.8943 -15.4148 0.142939 -0.474727 2.98403 0.06
-37.5905 43.8584 -15.5572 1.03815 -0.474727 2.98403 0.3
-38.1989 43.828 -15.7376 2.17208 -0.474727 2.98403 0.38
-38.2429 43.8295 -15.7471 2.23176 -0.474727 2.98403 0.02
-38.9116 43.7505 -15.4413 2.59615 1.09218 1.30139 0.28
-39.6678 43.3997 -15.1136 2.98657 1.09218 1.30139 0.3
-40.1416 42.9965 -14.8952 3.24685 1.09218 1.30139 0.2
-40.3556 42.744 -14.786 3.37699 1.09218 1.30139 0.1
-40.7998 41.9395 -14.502 3.71535 1.09218 1.30139 0.26
-40.8501 41.7986 -14.4583 3.7674 1.09218 1.30139 0.04
-41.0324 40.6293 -14.1307 4.15782 1.09218 1.30139 0.3
-40.9828 40.0371 -13.9777 4.34002 1.09218 1.30139 0.14
-40.9681 39.9513 -13.9559 4.36604 1.09218 1.30139 0.02
-40.8363 38.7372 -14.0988 5.03599 -0.549727 2.57673 0.26
-40.8415 37.8987 -14.1868 5.44827 -0.549727 2.57673 0.16
-40.9615 36.7644 -14.2967 5.96362 -0.549727 2.57673 0.2
-41.2626 35.4243 -14.4177 6.5305 -0.549727 2.57673 0.22
-41.2996 35.2985 -14.4287 6.58203 -0.549727 2.57673 0.02
-41.8909 32.5286 -14.2701 7.5942 0.3963 2.53043 0.4
-41.9628 31.9173 -14.2384 7.79664 0.3963 2.53043 0.08
-42.005 31.4468 -14.2147 7.94846 0.3963 2.53043 0.06
-42.0594 29.2963 -14.1116 8.60637 0.3963 2.53043 0.26
-42.0478 28.9502 -14.0958 8.70759 0.3963 2.53043 0.04
-41.9784 27.8895 -14.0482 9.01124 0.3963 2.53043 0.12
-41.7713 26.2397 -13.9769 9.46672 0.3963 2.53043 0.18
-41.5599 25.1052 -13.9293 9.77037 0.3963 2.53043 0.12
-40.5426 21.5704 -13.7867 10.6813 0.3963 2.53043 0.36
-40.3138 20.967 -13.7629 10.8332 0.3963 2.53043 0.06
-40.2336 20.7651 -13.755 10.8838 0.3963 2.53043 0.02
-40.1556 20.5617 -13.7873 10.9041 -1.61602 1.01541 0.02
-38.7854 15.7424 -13.931 11.8896 -0.326531 2.23994 0.44
-38.6907 15.2745 -13.944 11.9792 -0.326531 2.23994 0.04
-38.0781 10.6037 -14.0681 12.8304 -0.326531 2.23994 0.38
-38.0099 9.31132 -14.1007 13.0544 -0.326531 2.23994 0.1
-38.0013 9.04993 -14.1073 13.0992 -0.326531 2.23994 0.02
-37.4954 6.294 -13.8015 12.4728 1.39011 -2.84736 0.22
-37.1186 5.38044 -13.6902 12.245 1.39011 -2.84736 0.08
-36.7763 4.73639 -13.6068 12.0742 1.39011 -2.84736 0.06
-36.6516 4.53029 -13.579 12.0172 1.39011 -2.84736 0.02
-36.1035 3.75211 -13.4678 11.7894 1.39011 -2.84736 0.08
-34.0772 1.91559 -13.1342 11.1061 1.39011 -2.84736 0.24
-33.5056 1.58355 -13.0508 10.9352 1.39011 -2.84736 0.06
-31.7115 0.907606 -12.8006 10.4227 1.39011 -2.84736 0.18
-31.5087 0.862176 -12.7728 10.3657 1.39011 -2.84736 0.02
-29.6999 0.712881 -12.5226 9.85322 1.39011 -2.84736 0.18
-29.5037 0.724213 -12.4948 9.79627 1.39011 -2.84736 0.02
-26.8745 0.525882 -12.7849 10.5573 -1.11614 2.92709 0.26
-26.2561 0.36656 -12.8519 10.7329 -1.11614 2.92709 0.06
-25.8448 0.235748 -12.8966 10.85 -1.11614 2.92709 0.04
-25.2316 0.00229338 -12.9635 11.0256 -1.11614 2.92709 0.06
-24.8239 -0.16135 -12.9327 10.9367 0.770291 -2.22416 0.04
-23.1831 -0.678056 -12.8095 10.5808 0.770291 -2.22416 0.16
-21.1421 -1.02132 -12.6554 10.136 0.770291 -2.22416 0.2
-19.7464 -1.07075 -12.5476 9.8246 0.770291 -2.22416 0.14
-18.7769 -1.01527 -12.4705 9.60219 0.770291 -2.22416 0.1
-15.8951 -0.378432 -12.2241 8.89046 0.770291 -2.22416 0.32
-15.4007 -0.189288 -12.1778 8.75701 0.770291 -2.22416 0.06
-15.0802 -0.0523253 -12.147 8.66804 0.770291 -2.22416 0.04
-12.2079 1.82143 -11.8235 7.7339 0.770291 -2.22416 0.42
-11.9846 2.03293 -11.7927 7.64493 0.770291 -2.22416 0.04
-10.5291 3.84805 -11.5462 6.9332 0.770291 -2.22416 0.32
-10.2572 4.32316 -11.4846 6.75527 0.770291 -2.22416 0.08
-10.0769 4.68165 -11.4384 6.62182 0.770291 -2.22416 0.06
-9.84869 5.15648 -11.4487 6.54859 -0.129882 -0.915335 0.08
-9.15071 6.5351 -11.4799 6.32891 -0.129882 -0.915335 0.24
-8.43223 7.9018 -11.4792 6.53816 0.00285341 0.871856 0.24
-7.12102 10.4017 -11.478 6.90433 0.00285341 0.871856 0.42
-6.67359 11.6803 -11.1848 6.69057 1.46613 -1.06881 0.2
-6.59309 12.4704 -11.0089 6.56231 1.46613 -1.06881 0.12
-6.65096 13.247 -10.8329 6.43406 1.46613 -1.06881 0.12
-7.09002 14.5591 -10.5104 6.19892 1.46613 -1.06881 0.22
-7.89133 15.6233 -10.1878 5.96378 1.46613 -1.06881 0.22
-7.97858 15.7043 -10.1585 5.9424 1.46613 -1.06881 0.02
-8.94618 16.3494 -9.86529 5.72864 1.46613 -1.06881 0.2
-10.1273 16.6895 -9.54274 5.4935 1.46613 -1.06881 0.22
-10.2364 16.7008 -9.51341 5.47212 1.46613 -1.06881 0.02
-10.4519 16.7267 -9.57552 5.38647 -1.55263 -2.14125 0.04
-11.2533 16.9515 -9.82394 5.04387 -1.55263 -2.14125 0.16
-12.1411 17.5171 -10.1655 4.5728 -1.55263 -2.14125 0.22
-12.3905 17.7751 -10.2897 4.4015 -1.55263 -2.14125 0.08
-12.6853 18.1937 -10.476 4.14455 -1.55263 -2.14125 0.12
-12.9805 18.997 -10.8176 3.67348 -1.55263 -2.14125 0.22
-13.006 19.6209 -11.0971 3.28805 -1.55263 -2.14125 0.18
-12.9983 19.6858 -11.1282 3.24523 -1.55263 -2.14125 0.02
-13.005 20.3036 -10.8368 2.95459 1.45693 -1.45317 0.2
-13.1953 20.8855 -10.5162 2.63489 1.45693 -1.45317 0.22
-13.2201 20.9316 -10.4871 2.60583 1.45693 -1.45317 0.02
-13.3442 21.2427 -10.7526 2.19307 -1.89669 -2.94832 0.14
-13.3538 21.2849 -10.7906 2.1341 -1.89669 -2.94832 0.02
-13.3621 21.3271 -10.8136 2.16116 -1.14934 1.35278 0.02
-13.3731 21.9823 -11.1354 2.53994 -1.14934 1.35278 0.28
-13.1183 22.7604 -11.4802 2.94577 -1.14934 1.35278 0.3
-12.6832 23.3635 -11.756 3.27044 -1.14934 1.35278 0.24
-12.5902 23.4569 -11.802 3.32455 -1.14934 1.35278 0.04
-12.5418 23.503 -11.8093 3.35404 -0.366262 1.47481 0.02
-10.5001 24.995 -12.0511 4.32742 -0.366262 1.47481 0.66
-10.4244 25.0375 -12.0584 4.35691 -0.366262 1.47481 0.02
-10.2707 25.1153 -12.1368 4.25927 -1.96124 -2.44104 0.04
-9.64747 25.2913 -12.4506 3.86871 -1.96124 -2.44104 0.16
-9.06256 25.2688 -12.7644 3.47814 -1.96124 -2.44104 0.16
-8.80261 25.1953 -12.9213 3.28286 -1.96124 -2.44104 0.08
-8.51869 25.0575 -13.1174 3.03875 -1.96124 -2.44104 0.1
-8.28647 24.8818 -13.3136 2.79465 -1.96124 -2.44104 0.1
-8.17092 24.7625 -13.4223 2.74465 -1.81245 -0.833378 0.06
-7.91954 24.3554 -13.7486 2.59464 -1.81245 -0.833378 0.18
-7.81787 23.9155 -14.0748 2.44463 -1.81245 -0.833378 0.18
-7.87258 23.449 -14.4373 2.27795 -1.81245 -0.833378 0.2
-7.95752 23.2425 -14.6185 2.19462 -1.81245 -0.833378 0.1
-8.04833 23.0955 -14.7635 2.12795 -1.81245 -0.833378 0.08
-8.21507 22.9108 -14.981 2.02794 -1.81245 -0.833378 0.12
-8.4452 22.6671 -14.8089 2.16659 1.07566 0.866572 0.16
-8.49808 22.5976 -14.7659 2.20125 1.07566 0.866572 0.04
-8.85901 22.2291 -15.0782 1.4982 -1.11522 -2.51092 0.28
-9.03625 22.1216 -15.2566 1.09645 -1.11522 -2.51092 0.16
-9.15592 22.074 -15.4127 0.744919 -1.11522 -2.51092 0.14
-9.26385 22.0537 -15.725 0.041861 -1.11522 -2.51092 0.28
-9.26418 22.0537 -15.7473 -0.0083575 -1.11522 -2.51092 0.02
-9.16673 22.0292 -16.0596 -0.711416 -1.11522 -2.51092 0.28
-9.05419 21.977 -16.2157 -1.06295 -1.11522 -2.51092 0.14
-8.88771 21.8627 -16.3941 -1.46469 -1.11522 -2.51092 0.16
-8.55433 21.4813 -16.7064 -2.16775 -1.11522 -2.51092 0.28
-8.53099 21.4442 -16.7287 -2.21797 -1.11522 -2.51092 0.02
-8.50776 21.4068 -16.7182 -2.1893 0.52528 1.43346 0.02
-8.17927 20.9578 -16.5711 -1.78793 0.52528 1.43346 0.28
-7.84679 20.6236 -16.4135 -1.35789 0.52528 1.43346 0.3
-7.6721 20.4881 -16.319 -1.09987 0.52528 1.43346 0.18
-7.37164 20.3196 -16.0878 -0.469144 0.52528 1.43346 0.44
-7.29892 20.2953 -15.9198 -0.0104359 0.52528 1.43346 0.32
-7.2971 20.2948 -16.0532 -0.0370881 -1.66868 -0.333153 0.08
-7.28507 20.2876 -16.387 -0.103719 -1.66868 -0.333153 0.2
-7.26726 20.2669 -16.7207 -0.170349 -1.66868 -0.333153 0.2
-7.25214 20.2293 -17.0545 -0.23698 -1.66868 -0.333153 0.2
-7.24942 20.1755 -17.3882 -0.30361 -1.66868 -0.333153 0.2
-7.26504 20.1178 -17.6886 -0.363578 -1.66868 -0.333153 0.18
-7.30843 20.0518 -18.0223 -0.430208 -1.66868 -0.333153 0.2
-7.38153 19.9955 -18.356 -0.496839 -1.66868 -0.333153 0.2
-7.48161 19.9619 -18.6898 -0.563469 -1.66868 -0.333153 0.2
-7.6004 19.9632 -19.0235 -0.6301 -1.66868 -0.333153 0.2
-7.66286 19.9796 -19.1904 -0.663415 -1.66868 -0.333153 0.1
-7.72248 19.9964 -19.0425 -0.369647 1.23192 2.44806 0.12
-7.74998 20 -18.8701 -0.0269182 1.23192 2.44806 0.14
-7.73875 19.9986 -19.021 0.188705 -1.07789 1.54017 0.14
-7.62149 19.9541 -19.3443 0.650755 -1.07789 1.54017 0.3
-7.4303 19.8062 -19.6462 1.082 -1.07789 1.54017 0.28
-7.41513 19.7904 -19.6677 1.1128 -1.07789 1.54017 0.02
-7.37004 19.7419 -19.6753 1.09453 -0.126608 -0.304635 0.06
-7.31166 19.6779 -19.6854 1.07016 -0.126608 -0.304635 0.08
-6.64819 18.8285 -19.8399 0.6985 -0.126608 -0.304635 1.22
-6.59756 18.753 -19.8097 0.0010399 0.116301 -2.68254 0.26
-6.72576 18.9245 -19.7631 -1.07198 0.116301 -2.68254 0.4
-6.7392 18.9419 -19.7608 -1.12563 0.116301 -2.68254 0.02
-6.78094 18.9937 -19.723 -1.09129 0.630089 0.572257 0.06
-6.88077 19.1468 -20.0019 -0.436504 -1.16199 2.72828 0.24
-6.89281 19.1789 -20.1646 -0.0545446 -1.16199 2.72828 0.14
-6.89367 19.1838 -20.3195 -0.0683306 -1.93648 -0.172325 0.08
-6.89241 19.1987 -20.668 -0.0993491 -1.93648 -0.172325 0.18
-6.88524 19.2153 -20.9779 -0.126921 -1.93648 -0.172325 0.16
-6.86807 19.2342 -21.3265 -0.15794 -1.93648 -0.172325 0.18
-6.84413 19.2474 -21.6363 -0.185512 -1.93648 -0.172325 0.16
-6.81298 19.2536 -21.9461 -0.213084 -1.93648 -0.172325 0.16
-6.77241 19.2482 -22.2947 -0.244102 -1.93648 -0.172325 0.18
-6.7356 19.2299 -22.6045 -0.271674 -1.93648 -0.172325 0.16
-6.73123 19.2267 -22.628 -0.268134 -1.17129 0.177024 0.02
-6.68373 19.1783 -22.9559 -0.218567 -1.17129 0.177024 0.28
-6.66028 19.1296 -23.2839 -0.169 -1.17129 0.177024 0.28
-6.65789 19.1162 -23.5854 -0.00226251 -1.8844 1.04211 0.16
-6.65788 19.1163 -23.6231 0.0185797 -1.8844 1.04211 0.02
-6.65381 19.1321 -23.9246 0.185317 -1.8844 1.04211 0.16
-6.62761 19.1747 -24.2638 0.372897 -1.8844 1.04211 0.18
-6.56303 19.2278 -24.603 0.560477 -1.8844 1.04211 0.18
-6.46744 19.2651 -24.9045 0.727214 -1.8844 1.04211 0.16
-6.45358 19.2681 -24.9368 0.689963 -1.61844 -1.86258 0.02
-6.35341 19.2735 -25.2605 0.317448 -1.61844 -1.86258 0.2
-6.32716 19.2677 -25.5195 0.0194355 -1.61844 -1.86258 0.16
-6.3278 19.268 -25.5842 -0.0550675 -1.61844 -1.86258 0.04
-6.32982 19.269 -25.6695 -0.00189198 -1.06605 0.664694 0.08
-6.3178 19.259 -25.904 0.144341 -1.06605 0.664694 0.22
-6.27239 19.1933 -26.2452 0.357043 -1.06605 0.664694 0.32
-6.23379 19.0625 -26.565 0.556451 -1.06605 0.664694 0.3
-6.23029 18.9382 -26.7782 0.689389 -1.06605 0.664694 0.2
-6.24092 18.8606 -26.9036 0.616285 -1.04543 -0.609205 0.12
-6.25223 18.8146 -26.9873 0.567548 -1.04543 -0.609205 0.08
-6.27629 18.7556 -27.1989 0.496332 -1.76364 -0.593469 0.12
-6.32985 18.6871 -27.5516 0.377638 -1.76364 -0.593469 0.2
-6.3787 18.6557 -27.8691 0.270814 -1.76364 -0.593469 0.18
-6.41636 18.6457 -28.1865 0.16399 -1.76364 -0.593469 0.18
-6.43717 18.6468 -28.5393 0.045296 -1.76364 -0.593469 0.2
-6.43874 18.6473 -28.6451 0.00968785 -1.76364 -0.593469 0.06
-6.43605 18.6457 -28.8567 -0.0615284 -1.76364 -0.593469 0.12
-6.43533 18.6453 -28.8367 -0.0240308 1.00114 1.87488 0.02
-6.49744 18.6694 -28.5564 0.500935 1.00114 1.87488 0.28
-6.72973 18.696 -28.256 1.0634 1.00114 1.87488 0.3
-6.75136 18.6954 -28.236 1.1009 1.00114 1.87488 0.02
-7.03726 18.7271 -28.5257 1.30456 -1.20695 0.848594 0.24
-7.39861 18.8907 -28.8636 1.54217 -1.20695 0.848594 0.28
-7.73338 19.2103 -29.2016 1.77977 -1.20695 0.848594 0.28
-7.86958 19.4285 -29.3706 1.89857 -1.20695 0.848594 0.14
-8.00977 19.7591 -29.526 1.3694 -0.706632 -2.40534 0.22
-8.04488 19.879 -29.5967 1.12887 -0.706632 -2.40534 0.1
-8.08165 20.1262 -29.8511 0.262944 -0.706632 -2.40534 0.36
-8.0812 20.1404 -29.9217 0.0224096 -0.706632 -2.40534 0.1
-8.11749 19.9974 -30.1761 -0.843513 -0.706632 -2.40534 0.36
-8.15214 19.9075 -30.2468 -1.08405 -0.706632 -2.40534 0.1
-8.43263 19.4406 -30.5012 -1.94997 -0.706632 -2.40534 0.36
-8.53615 19.3138 -30.5577 -2.1424 -0.706632 -2.40534 0.08
-8.56471 19.2812 -30.5718 -2.1905 -0.706632 -2.40534 0.02
-8.59304 19.2484 -30.5435 -2.14233 1.41607 2.40873 0.02
-8.65063 19.1843 -30.6095 -2.16936 -1.65041 -0.675674 0.04
-8.88943 18.9872 -30.8406 -2.26395 -1.65041 -0.675674 0.14
-9.31539 18.8027 -31.1707 -2.39908 -1.65041 -0.675674 0.2
-9.75453 18.7606 -31.4677 -2.52071 -1.65041 -0.675674 0.18
-10.2576 18.8722 -31.7978 -2.65584 -1.65041 -0.675674 0.2
-10.4509 18.9652 -31.9299 -2.70989 -1.65041 -0.675674 0.08
-10.7203 19.1548 -32.1279 -2.79098 -1.65041 -0.675674 0.12
-11.0837 19.5929 -32.458 -2.92611 -1.65041 -0.675674 0.2
-11.295 20.1502 -32.7881 -3.06125 -1.65041 -0.675674 0.2
-11.3152 20.7728 -33.1181 -3.19638 -1.65041 -0.675674 0.2
-11.2942 20.8994 -33.1842 -3.22341 -1.65041 -0.675674 0.04
-10.8931 22.0589 -33.4598 -2.93081 -0.689039 0.731493 0.4
-10.5009 22.6821 -33.6389 -2.74062 -0.689039 0.731493 0.26
-10.1122 23.1189 -33.7905 -2.57969 -0.689039 0.731493 0.22
-10.0374 23.1891 -33.8181 -2.55043 -0.689039 0.731493 0.04
-9.84914 23.404 -33.5889 -2.22176 1.90967 2.73898 0.12
-9.78255 23.5137 -33.4743 -2.05742 1.90967 2.73898 0.06
-9.72012 23.6563 -33.3216 -1.8383 1.90967 2.73898 0.08
-9.65617 23.8883 -33.1933 -2.17561 1.06859 -2.81093 0.12
-9.63974 23.976 -33.1506 -2.28805 1.06859 -2.81093 0.04
-9.64359 24.7855 -32.83 -3.13133 1.06859 -2.81093 0.3
-9.66619 24.911 -32.7873 -3.24376 1.06859 -2.81093 0.04
-9.714 25.1629 -32.8112 -3.16662 -0.298899 0.964234 0.08
-9.84188 26.1753 -32.9128 -2.83878 -0.298899 0.964234 0.34
-9.8022 27.8794 -33.1161 -2.18311 -0.298899 0.964234 0.68
-9.77805 28.0492 -33.14 -2.10597 -0.298899 0.964234 0.08
-9.77618 28.4986 -32.8189 -1.36582 1.23479 2.84672 0.26
-9.79761 28.5964 -32.7201 -1.13808 1.23479 2.84672 0.08
-9.85445 28.7443 -32.4979 -0.625671 1.23479 2.84672 0.18
-9.89163 28.8013 -32.2509 -0.0563269 1.23479 2.84672 0.2
-9.89037 28.8001 -32.1768 0.114476 1.23479 2.84672 0.06
-9.76789 28.7262 -31.8311 0.911559 1.23479 2.84672 0.28
-9.71229 28.7041 -31.757 1.08236 1.23479 2.84672 0.06
-9.67006 28.6876 -31.8193 1.18509 -1.55824 2.56825 0.04
-9.42801 28.533 -32.131 1.69874 -1.55824 2.56825 0.2
-9.20234 28.2704 -32.4115 2.16102 -1.55824 2.56825 0.18
-9.15656 28.1947 -32.4738 2.26375 -1.55824 2.56825 0.04
-8.91339 27.885 -32.1767 2.67654 1.85662 2.57994 0.16
-8.48013 27.5953 -31.8425 3.14093 1.85662 2.57994 0.18
-8.36201 27.5469 -31.7683 3.24413 1.85662 2.57994 0.04
-7.37792 27.2293 -31.6824 2.19999 0.225927 -2.74775 0.38
-6.7348 27.0812 -31.5921 1.10088 0.225927 -2.74775 0.4
-6.51666 27.0491 -31.5017 0.00178315 0.225927 -2.74775 0.4
-6.51629 27.049 -31.8158 0.0024989 -1.74492 0.00397643 0.18
-6.51585 27.0487 -32.1299 0.00321466 -1.74492 0.00397643 0.18
-6.5154 27.0482 -32.4788 0.00400995 -1.74492 0.00397643 0.2
-6.51514 27.0474 -32.7929 0.00472571 -1.74492 0.00397643 0.18
-6.51511 27.0465 -33.107 0.00544146 -1.74492 0.00397643 0.18
-6.51545 27.0454 -33.456 0.00623675 -1.74492 0.00397643 0.2
-6.51615 27.0445 -33.7701 0.00695251 -1.74492 0.00397643 0.18
-6.51735 27.0436 -34.1191 0.00774779 -1.74492 0.00397643 0.2
-6.51874 27.0432 -34.4332 0.00846355 -1.74492 0.00397643 0.18
-6.52032 27.0433 -34.7472 0.00917931 -1.74492 0.00397643 0.18
-6.52086 27.0434 -34.8519 0.0094179 -1.74492 0.00397643 0.06
-6.52068 27.0434 -34.8141 -0.0288219 1.89327 -1.91199 0.02
-6.52027 27.0433 -34.8489 -0.0134012 -1.73988 0.771033 0.02
-6.52534 27.0458 -35.0924 0.0945434 -1.73988 0.771033 0.14
-6.54756 27.0651 -35.4056 0.233329 -1.73988 0.771033 0.18
-6.57902 27.1182 -35.7536 0.387536 -1.73988 0.771033 0.2
-6.59611 27.1983 -36.0668 0.526322 -1.73988 0.771033 0.18
-6.58175 27.3176 -36.4148 0.680528 -1.73988 0.771033 0.2
-6.52353 27.4387 -36.7279 0.819314 -1.73988 0.771033 0.18
-6.4374 27.5404 -36.9253 1.08714 -1.40965 1.91307 0.14
-6.34712 27.6166 -37.0663 1.27845 -1.40965 1.91307 0.1
-6.26646 27.6674 -37.2123 1.10607 -1.8257 -2.15472 0.08
-6.19774 27.7092 -37.088 0.906542 1.55444 -2.49415 0.08
-6.10167 27.7982 -36.7771 0.407711 1.55444 -2.49415 0.2
-6.08389 27.8263 -36.5284 0.00864696 1.55444 -2.49415 0.16
-6.0852 27.8225 -36.4351 -0.141002 1.55444 -2.49415 0.06
-6.09438 27.7453 -36.1242 -0.639833 1.55444 -2.49415 0.2
-6.07026 27.5921 -35.8444 -1.08878 1.55444 -2.49415 0.18
-6.05613 27.5488 -35.7822 -1.18855 1.55444 -2.49415 0.04
-5.91555 26.8965 -36.0263 -2.15572 -0.610164 -2.41793 0.4
-5.89941 26.6695 -36.0873 -2.39751 -0.610164 -2.41793 0.1
-5.90667 26.199 -36.1971 -2.83274 -0.610164 -2.41793 0.18
-5.97512 25.6545 -36.307 -3.26797 -0.610164 -2.41793 0.18
-5.98722 25.5898 -36.3192 -3.31632 -0.610164 -2.41793 0.02
-6.05045 25.323 -36.402 -3.53987 -1.03559 -2.79434 0.08
-6.50122 24.3231 -36.692 -4.32229 -1.03559 -2.79434 0.28
-6.59784 24.177 -36.7334 -4.43406 -1.03559 -2.79434 0.04
-6.64901 24.1039 -36.7442 -4.49253 -0.540832 -2.92357 0.02
-7.67656 22.8967 -36.9173 -5.42808 -0.540832 -2.92357 0.32
-8.92091 21.8393 -37.0687 -6.24668 -0.540832 -2.92357 0.28
-9.44733 21.4767 -37.1228 -6.53903 -0.540832 -2.92357 0.1
-9.55787 21.4057 -37.1336 -6.59751 -0.540832 -2.92357 0.02
-9.66743 21.3332 -37.0944 -6.54567 1.96224 2.592 0.02
-10.0668 21.0083 -36.9374 -6.33831 1.96224 2.592 0.08
-10.3995 20.6374 -36.7804 -6.13094 1.96224 2.592 0.08
-10.4717 20.5389 -36.7412 -6.0791 1.96224 2.592 0.02
-10.8851 19.6996 -36.4272 -5.66438 1.96224 2.592 0.16
-10.9825 19.266 -36.2702 -5.45702 1.96224 2.592 0.08
-11.0099 18.839 -36.1133 -5.24966 1.96224 2.592 0.08
-10.874 18.0471 -35.7993 -4.83494 1.96224 2.592 0.16
-10.5311 17.3943 -35.4853 -4.42022 1.96224 2.592 0.16
-10.4771 17.3251 -35.4461 -4.36838 1.96224 2.592 0.02
-9.25461 16.0588 -35.2809 -5.42098 0.458974 -2.92387 0.36
-8.91717 15.7717 -35.2442 -5.65489 0.458974 -2.92387 0.08
-8.6491 15.5724 -35.1489 -5.48381 1.58685 2.85126 0.06
-8.55758 15.5131 -35.1172 -5.42679 1.58685 2.85126 0.02
-7.92062 14.9613 -35.4282 -5.14928 -1.94363 1.73441 0.16
-7.50595 14.279 -35.7392 -4.87178 -1.94363 1.73441 0.16
-7.32482 13.4541 -36.089 -4.55958 -1.94363 1.73441 0.18
-7.35038 13.0083 -36.2834 -4.38614 -1.94363 1.73441 0.1
-7.40536 12.7543 -36.4 -4.28208 -1.94363 1.73441 0.06
-7.67786 12.1529 -36.711 -4.00457 -1.94363 1.73441 0.16
-8.15028 11.651 -37.0608 -3.69238 -1.94363 1.73441 0.18
-8.65131 11.3871 -37.3718 -3.41487 -1.94363 1.73441 0.16
-8.91036 11.321 -37.5273 -3.27612 -1.94363 1.73441 0.08
-9.23833 11.2958 -37.7176 -3.3123 -1.9032 -0.361831 0.1
-9.82664 11.4092 -38.0602 -3.37743 -1.9032 -0.361831 0.18
-10.2995 11.676 -38.3647 -3.43533 -1.9032 -0.361831 0.16
-10.4545 11.8127 -38.4789 -3.45704 -1.9032 -0.361831 0.06
-10.6721 12.069 -38.6546 -3.27608 -1.75679 1.80958 0.1
-10.7087 12.1229 -38.6897 -3.23989 -1.75679 1.80958 0.02
-10.9502 12.6816 -39.0411 -2.87797 -1.75679 1.80958 0.2
-10.9861 13.1669 -39.3573 -2.55225 -1.75679 1.80958 0.18
-10.8835 13.5828 -39.6735 -2.22652 -1.75679 1.80958 0.18
-10.8655 13.6231 -39.7087 -2.19033 -1.75679 1.80958 0.02
-10.5033 14.2825 -39.8489 -1.23211 -0.318617 2.17778 0.44
-10.4644 14.3407 -39.868 -1.10144 -0.318617 2.17778 0.06
-10.4036 14.4481 -39.7084 -1.37038 1.59622 -2.6894 0.1
-10.3165 14.7628 -39.3891 -1.90826 1.59622 -2.6894 0.2
-10.3088 14.9667 -39.2295 -2.1772 1.59622 -2.6894 0.1
-10.3396 15.2219 -39.0691 -2.11229 1.3368 0.540916 0.12
-10.4924 15.6452 -38.775 -1.99329 1.3368 0.540916 0.22
-10.5118 15.6799 -38.7482 -1.98247 1.3368 0.540916 0.02
-10.8127 16.4355 -39.0401 -1.72761 -0.66336 0.579231 0.44
-10.8671 17.2214 -39.3718 -1.43799 -0.66336 0.579231 0.5
-10.7102 17.8222 -39.6902 -1.15996 -0.66336 0.579231 0.48
-10.6503 17.9431 -39.7698 -1.09045 -0.66336 0.579231 0.12
-10.6398 17.9621 -39.7831 -1.07887 -0.66336 0.579231 0.02
-10.5955 18.0478 -39.7078 -0.850061 0.753101 2.28809 0.1
-10.5423 18.1959 -39.4367 -0.0263475 0.753101 2.28809 0.36
-10.543 18.1907 -39.3764 0.1567 0.753101 2.28809 0.08
-10.523 17.9466 -39.0752 1.07194 0.753101 2.28809 0.4
-10.5186 17.9251 -39.0601 1.1177 0.753101 2.28809 0.02
-10.4955 17.8312 -38.9999 1.30075 0.753101 2.28809 0.08
-10.2469 17.2691 -38.7287 2.12446 0.753101 2.28809 0.36
-10.2245 17.2324 -38.7137 2.17022 0.753101 2.28809 0.02
-10.0366 16.7803 -39.0264 2.74612 -1.56348 2.87948 0.2
-9.98344 16.2437 -39.3078 3.26442 -1.56348 2.87948 0.18
-9.99265 16.1112 -39.3703 3.3796 -1.56348 2.87948 0.04
-10.0556 15.7648 -39.5267 3.66755 -1.56348 2.87948 0.1
-10.1811 15.4054 -39.683 3.9555 -1.56348 2.87948 0.1
-10.4719 14.9026 -39.9019 4.35862 -1.56348 2.87948 0.14
-10.7009 14.6279 -40.027 4.58898 -1.56348 2.87948 0.08
-10.7654 14.5617 -40.0583 4.64657 -1.56348 2.87948 0.02
-11.1115 14.2724 -40.2321 4.38742 -1.73828 -2.59147 0.1
-11.3309 14.1358 -40.3364 4.23194 -1.73828 -2.59147 0.06
-12.0777 13.8764 -40.6841 3.71364 -1.73828 -2.59147 0.2
-12.6368 13.8651 -40.9622 3.29901 -1.73828 -2.59147 0.16
-12.7017 13.8741 -40.9969 3.24718 -1.73828 -2.59147 0.02
-13.2164 14.0382 -41.3098 2.78071 -1.73828 -2.59147 0.18
-13.6198 14.3367 -41.6575 2.26242 -1.73828 -2.59147 0.2
-13.6499 14.3698 -41.6923 2.21059 -1.73828 -2.59147 0.02
-13.8263 14.6362 -41.9704 1.79595 -1.73828 -2.59147 0.16
-13.91 14.9304 -42.318 1.27766 -1.73828 -2.59147 0.2
-13.913 15.0023 -42.4223 1.12217 -1.73828 -2.59147 0.06
-13.9247 15.3112 -42.3311 1.68925 0.414543 2.57764 0.22
-13.9658 15.6545 -42.2565 2.15323 0.414543 2.57764 0.18
-13.9727 15.6975 -42.2482 2.20478 0.414543 2.57764 0.02
-13.984 15.7837 -42.3152 2.14403 -1.675 -1.51871 0.04
-13.9575 16.1794 -42.6502 1.84029 -1.675 -1.51871 0.2
-13.8426 16.4625 -42.9517 1.56693 -1.675 -1.51871 0.18
-13.6608 16.6776 -43.2867 1.26318 -1.675 -1.51871 0.2
-13.5638 16.7459 -43.4542 1.11131 -1.675 -1.51871 0.1
-13.4837 16.7997 -43.3302 1.3019 1.55043 2.38229 0.08
-13.2532 17.0529 -42.9891 1.826 1.55043 2.38229 0.22
-13.1281 17.3017 -42.772 2.15952 1.55043 2.38229 0.14
-13.0868 17.429 -42.679 2.30246 1.55043 2.38229 0.06
-13.0357 17.9881 -42.3379 2.82657 1.55043 2.38229 0.22
-13.1529 18.521 -42.0588 3.25538 1.55043 2.38229 0.18
-13.1765 18.5822 -42.0278 3.30302 1.55043 2.38229 0.02
-13.3806 19.4106 -42.3123 3.28268 -1.09407 -0.078267 0.26
-13.391 19.8689 -42.4655 3.27172 -1.09407 -0.078267 0.14
-13.3175 20.3855 -42.6405 3.2592 -1.09407 -0.078267 0.16
-13.1295 20.9389 -42.8374 3.24511 -1.09407 -0.078267 0.18
-12.9461 21.2814 -42.9687 3.23572 -1.09407 -0.078267 0.12
-12.3104 22.0046 -43.2969 3.21223 -1.09407 -0.078267 0.3
-11.4816 22.4807 -43.6252 3.18875 -1.09407 -0.078267 0.3
-10.5504 22.6629 -43.9534 3.16527 -1.09407 -0.078267 0.3
-9.98421 22.6235 -44.1503 3.15119 -1.09407 -0.078267 0.18
-9.85773 22.6025 -44.1439 3.25958 0.161566 2.70971 0.04
-9.59152 22.5609 -44.1309 3.47635 0.161566 2.70971 0.08
-9.25276 22.485 -44.2747 3.47308 -1.43751 -0.032741 0.1
-8.51218 22.1136 -44.6197 3.46522 -1.43751 -0.032741 0.24
-7.98135 21.572 -44.9359 3.45802 -1.43751 -0.032741 0.22
-7.66738 20.9591 -45.2234 3.45147 -1.43751 -0.032741 0.2
-7.64598 20.8935 -45.2522 3.45081 -1.43751 -0.032741 0.02
-7.54052 20.0771 -45.5972 3.44296 -1.43751 -0.032741 0.24
-7.69182 19.339 -45.9134 3.43575 -1.43751 -0.032741 0.22
-8.1081 18.633 -46.2584 3.4279 -1.43751 -0.032741 0.24
-8.67831 18.1455 -46.5747 3.42069 -1.43751 -0.032741 0.22
-9.04491 17.9625 -46.7472 3.41676 -1.43751 -0.032741 0.12
-9.23437 17.8958 -46.824 3.28013 -1.27937 -2.27724 0.06
-9.42046 17.8459 -46.9007 3.14349 -1.27937 -2.27724 0.06
-10.156 17.7998 -47.2334 2.55141 -1.27937 -2.27724 0.26
-10.4839 17.8653 -47.4125 2.2326 -1.27937 -2.27724 0.14
-10.5261 17.8784 -47.4381 2.18705 -1.27937 -2.27724 0.02
-10.6927 17.9448 -47.5673 2.29796 -1.61605 1.38636 0.08
-11.0909 18.222 -47.8905 2.57523 -1.61605 1.38636 0.2
-11.4135 18.6555 -48.2138 2.8525 -1.61605 1.38636 0.2
-11.5991 19.2215 -48.537 3.12978 -1.61605 1.38636 0.2
-11.6235 19.5401 -48.6986 3.26841 -1.61605 1.38636 0.1
-11.6187 19.6719 -48.7632 3.32387 -1.61605 1.38636 0.04
-11.5949 20.0009 -48.7702 3.27426 -0.0698113 -0.496047 0.1
-11.5186 20.895 -48.7897 3.13537 -0.0698113 -0.496047 0.28
-10.9574 24.8054 -48.8889 2.43098 -0.0698113 -0.496047 1.42
-10.8623 25.2721 -48.9028 2.33177 -0.0698113 -0.496047 0.2
-10.5422 26.1046 -49.2089 2.93495 -0.900317 1.77405 0.34
-10.5127 26.1557 -49.2269 2.97043 -0.900317 1.77405 0.02
-10.2549 26.8329 -48.8922 3.09623 1.39492 0.524181 0.24
-10.2252 27.5234 -48.5853 3.21155 1.39492 0.524181 0.22
-10.2829 27.8417 -48.4458 3.26397 1.39492 0.524181 0.1
-10.4397 28.2756 -48.2505 3.33736 1.39492 0.524181 0.14
-10.4693 28.3356 -48.2226 3.34784 1.39492 0.524181 0.02
-10.68 28.9607 -48.5175 3.27278 -1.47456 -0.375313 0.2
-10.6906 29.0252 -48.547 3.26527 -1.47456 -0.375313 0.02
-10.6776 29.7506 -48.8868 2.81024 -1.41574 -1.89598 0.24
-10.5082 30.2448 -49.1699 2.43104 -1.41574 -1.89598 0.2
-10.4855 30.2874 -49.1982 2.39312 -1.41574 -1.89598 0.02
-10.3609 30.4803 -49.3398 2.20352 -1.41574 -1.89598 0.1
-10.1653 30.6936 -49.538 1.93809 -1.41574 -1.89598 0.14
-9.8479 30.9006 -49.8495 1.52097 -1.41574 -1.89598 0.22
-9.57063 30.9769 -50.1609 1.10386 -1.41574 -1.89598 0.22
-9.54902 30.9789 -50.1893 1.06594 -1.41574 -1.89598 0.02
-9.1454 30.9357 -50.5303 1.65317 -1.13676 1.95745 0.3
-8.69399 30.7346 -50.8259 2.16211 -1.13676 1.95745 0.26
-8.6573 30.711 -50.8486 2.20126 -1.13676 1.95745 0.02
-8.15142 30.2415 -51.1669 2.74935 -1.13676 1.95745 0.28
-7.7665 29.5652 -51.4624 3.25829 -1.13676 1.95745 0.26
-7.72115 29.4413 -51.5079 3.33659 -1.13676 1.95745 0.04
-7.56093 28.4607 -51.8338 3.79218 -1.16387 1.62714 0.28
-7.74338 27.355 -52.1597 4.24778 -1.16387 1.62714 0.28
-7.8338 27.1137 -52.2295 4.34541 -1.16387 1.62714 0.06
-8.12044 26.6083 -52.4786 3.97632 -1.77909 -2.63635 0.14
-8.48705 26.2262 -52.7277 3.60723 -1.77909 -2.63635 0.14
-8.60073 26.1409 -52.7988 3.50178 -1.77909 -2.63635 0.04
-8.83388 26.0018 -52.9411 3.29087 -1.77909 -2.63635 0.08
-9.1849 25.8693 -53.1546 2.97451 -1.77909 -2.63635 0.12
-9.6732 25.8218 -53.4749 2.49997 -1.77909 -2.63635 0.18
-9.94954 25.8699 -53.6884 2.1836 -1.77909 -2.63635 0.12
-10.0688 25.9112 -53.7951 2.02542 -1.77909 -2.63635 0.06
-10.3435 26.0763 -54.1153 1.55088 -1.77909 -2.63635 0.18
-10.4428 26.1774 -54.2933 1.28724 -1.77909 -2.63635 0.1
-10.4856 26.2359 -54.4 1.12906 -1.77909 -2.63635 0.06
-10.4973 26.2545 -54.4356 1.07634 -1.77909 -2.63635 0.02
-10.5579 26.4045 -54.7914 0.549066 -1.77909 -2.63635 0.2
-10.5622 26.4397 -54.9337 0.338158 -1.77909 -2.63635 0.08
-10.5608 26.498 -55.1202 0.0267571 -0.582762 -0.973129 0.32
-10.5608 26.4983 -55.1319 0.00729454 -0.582762 -0.973129 0.02
-10.5444 26.5423 -55.4398 0.463477 -1.5396 2.28091 0.2
-10.4967 26.6152 -55.6553 0.782805 -1.5396 2.28091 0.14
-10.4495 26.6668 -55.7785 0.965278 -1.5396 2.28091 0.08
-10.4196 26.694 -55.8401 1.05651 -1.5396 2.28091 0.04
-10.2542 26.8022 -56.0864 1.42146 -1.5396 2.28091 0.16
-9.90271 26.905 -56.4251 1.92326 -1.5396 2.28091 0.22
-9.69939 26.9142 -56.5791 2.15135 -1.5396 2.28091 0.1
-9.42732 26.8801 -56.7638 2.42506 -1.5396 2.28091 0.12
-8.93523 26.6872 -57.0718 2.88125 -1.5396 2.28091 0.2
-8.54559 26.3918 -57.3181 3.24619 -1.5396 2.28091 0.16
-8.40937 26.247 -57.4105 3.38305 -1.5396 2.28091 0.06
-8.36583 26.1946 -57.4413 3.42866 -1.5396 2.28091 0.02
-7.82671 25.2678 -57.7396 3.74599 -0.994351 1.05776 0.3
-7.55627 24.0499 -58.0578 4.08447 -0.994351 1.05776 0.32
-7.6317 22.9578 -58.3163 4.35949 -0.994351 1.05776 0.26
-7.71427 22.6156 -58.3958 4.44411 -0.994351 1.05776 0.08
-8.33699 21.2839 -58.714 4.78259 -0.994351 1.05776 0.32
-8.56572 20.9731 -58.7936 4.86721 -0.994351 1.05776 0.08
-9.03451 20.511 -59.033 4.55937 -1.71032 -2.19886 0.14
-9.33166 20.3123 -59.1699 4.38346 -1.71032 -2.19886 0.08
-9.79693 20.1052 -59.3751 4.1196 -1.71032 -2.19886 0.12
-10.4906 19.9905 -59.6829 3.72381 -1.71032 -2.19886 0.18
-10.5647 19.9912 -59.7172 3.67983 -1.71032 -2.19886 0.02
-11.2639 19.9022 -59.4058 3.39745 1.55689 -1.41191 0.2
-11.5151 19.8115 -59.2812 3.28449 1.55689 -1.41191 0.08
-11.9021 19.5915 -59.0633 3.08682 1.55689 -1.41191 0.14
-12.3191 19.1788 -58.7519 2.80444 1.55689 -1.41191 0.2
-12.5789 18.6603 -58.4094 2.49382 1.55689 -1.41191 0.22
-12.6431 18.196 -58.098 2.21144 1.55689 -1.41191 0.2
-12.6415 18.1521 -58.0668 2.1832 1.55689 -1.41191 0.02
-12.5324 17.6303 -57.7702 2.68107 1.34841 2.26304 0.22
-12.1843 17.0166 -57.4466 3.2242 1.34841 2.26304 0.24
-12.1431 16.9664 -57.4196 3.26946 1.34841 2.26304 0.02
-11.0146 15.7403 -57.3352 4.30712 0.19193 2.35833 0.44
-10.9533 15.6792 -57.3313 4.35429 0.19193 2.35833 0.02
-10.8352 15.5539 -57.3953 4.25544 -1.60046 -2.4711 0.04
-10.5067 15.0876 -57.6194 3.90949 -1.60046 -2.4711 0.14
-10.3779 14.8116 -57.7474 3.7118 -1.60046 -2.4711 0.08
-10.2411 14.2678 -58.0035 3.31642 -1.60046 -2.4711 0.16
-10.2302 14.1376 -58.0675 3.21758 -1.60046 -2.4711 0.04
-10.2914 13.5492 -58.3876 2.72336 -1.60046 -2.4711 0.2
-10.4694 13.1374 -58.6757 2.27856 -1.60046 -2.4711 0.18
-10.4938 13.0995 -58.7077 2.22914 -1.60046 -2.4711 0.02
-10.7877 12.7878 -59.0598 1.68549 -1.60046 -2.4711 0.22
-11.0418 12.6557 -59.3799 1.19127 -1.60046 -2.4711 0.2
-11.0857 12.6431 -59.4439 1.09243 -1.60046 -2.4711 0.04
-11.3261 12.6176 -59.7087 1.60101 -1.47082 2.82547 0.18
-11.6959 12.6822 -60.0028 2.16611 -1.47082 2.82547 0.2
-11.7374 12.6963 -60.0323 2.22262 -1.47082 2.82547 0.02
-12.2216 12.9674 -60.3558 2.84422 -1.47082 2.82547 0.22
-12.5266 13.2636 -60.5618 3.23978 -1.47082 2.82547 0.14
-12.6867 13.4786 -60.6794 3.46582 -1.47082 2.82547 0.08
-13.0205 14.2355 -61.003 4.08742 -1.47082 2.82547 0.22
-13.0868 14.5647 -61.1207 4.31346 -1.47082 2.82547 0.08
-13.2581 15.499 -61.0362 3.60435 0.351998 -2.95464 0.24
-13.3073 15.7041 -61.0151 3.42707 0.351998 -2.95464 0.06
-13.341 15.8346 -61.001 3.30888 0.351998 -2.95464 0.04
-13.6716 16.8241 -60.8672 2.18612 0.351998 -2.95464 0.38
-13.9307 17.3599 -60.7405 1.12245 0.351998 -2.95464 0.36
-13.9621 17.4134 -60.7194 0.945168 0.351998 -2.95464 0.06
-14.0062 17.5042 -60.8945 1.07591 -1.75078 1.3074 0.1
-14.0268 17.5678 -60.9995 1.15435 -1.75078 1.3074 0.06
-14.0474 17.8227 -61.3497 1.41583 -1.75078 1.3074 0.2
-13.9793 18.089 -61.6648 1.65116 -1.75078 1.3074 0.18
-13.8096 18.3568 -61.9799 1.8865 -1.75078 1.3074 0.18
-13.4957 18.607 -62.3301 2.14797 -1.75078 1.3074 0.2
-13.4575 18.6272 -62.3651 2.17412 -1.75078 1.3074 0.02
-13.113 18.743 -62.6452 2.38331 -1.75078 1.3074 0.16
-12.6128 18.7473 -62.9954 2.64479 -1.75078 1.3074 0.2
-12.1433 18.5899 -63.3105 2.88012 -1.75078 1.3074 0.18
-11.9924 18.5012 -63.4156 2.95856 -1.75078 1.3074 0.06
-11.6407 18.2473 -63.4975 3.2394 -0.585257 2.00596 0.14
-10.9715 17.6318 -63.6497 3.76095 -0.585257 2.00596 0.26
-10.515 17.0892 -63.755 4.12202 -0.585257 2.00596 0.18
-10.2703 16.7452 -63.8136 4.32262 -0.585257 2.00596 0.1
-9.86267 16.2241 -63.6617 3.95511 0.949231 -2.29689 0.16
-9.3117 15.7242 -63.4718 3.49573 0.949231 -2.29689 0.2
-9.08737 15.5699 -63.3959 3.31198 0.949231 -2.29689 0.08
-8.92008 15.4706 -63.3389 3.17417 0.949231 -2.29689 0.06
-8.39187 15.0588 -63.6531 2.9396 -1.42802 -1.06622 0.22
-8.04546 14.5466 -63.9673 2.70503 -1.42802 -1.06622 0.22
-7.88316 13.9529 -64.31 2.44914 -1.42802 -1.06622 0.24
-7.91471 13.443 -64.6242 2.21457 -1.42802 -1.06622 0.22
-7.92501 13.4001 -64.6527 2.19324 -1.42802 -1.06622 0.02
-8.10388 12.9819 -64.9669 1.95867 -1.42802 -1.06622 0.22
-8.36929 12.6781 -65.2811 1.72411 -1.42802 -1.06622 0.22
-8.69904 12.4868 -65.6238 1.46821 -1.42802 -1.06622 0.24
-8.9893 12.4288 -65.9379 1.23364 -1.42802 -1.06622 0.22
-9.01375 12.4283 -65.9665 1.21232 -1.42802 -1.06622 0.02
-9.27204 12.3809 -65.6365 1.71858 1.83338 2.81255 0.18
-9.54554 12.2353 -65.3431 2.16858 1.83338 2.81255 0.16
-9.58055 12.2088 -65.3065 2.22483 1.83338 2.81255 0.02
-9.61545 12.1818 -65.3259 2.18373 -0.969286 -2.05534 0.02
-10.1047 11.908 -65.6167 1.56713 -0.969286 -2.05534 0.3
-10.3896 11.8334 -65.8299 1.11495 -0.969286 -2.05534 0.22
-10.4903 11.8236 -65.9268 0.909418 -0.969286 -2.05534 0.1
-10.5081 11.823 -65.9462 0.868311 -0.969286 -2.05534 0.02
-10.6829 11.8406 -66.2758 0.169496 -0.969286 -2.05534 0.34
-10.6895 11.8429 -66.3533 0.00506858 -0.969286 -2.05534 0.08
-10.5089 11.7491 -66.5011 -1.07679 -0.389001 -2.84698 0.38
-10.4491 11.7133 -66.5245 -1.2476 -0.389001 -2.84698 0.06
-10.1514 11.5764 -66.2972 -1.73712 1.03325 -2.22507 0.22
-9.81218 11.4979 -66.1112 -2.13763 1.03325 -2.22507 0.18
-9.49204 11.4774 -65.9665 -2.44914 1.03325 -2.22507 0.14
-8.61277 11.6367 -65.6359 -3.16117 1.03325 -2.22507 0.32
-8.4927 11.6817 -65.5945 -3.25017 1.03325 -2.22507 0.04
-7.51516 12.1556 -65.4394 -2.187 0.387825 2.65793 0.4
-7.00698 12.5013 -65.2998 -1.23014 0.387825 2.65793 0.36
-6.97041 12.5309 -65.2843 -1.12382 0.387825 2.65793 0.04
-6.71226 12.8239 -64.9798 -1.48941 1.01491 -1.21862 0.3
-6.49909 13.3164 -64.655 -1.87936 1.01491 -1.21862 0.32
-6.43735 13.7974 -64.4115 -2.17183 1.01491 -1.21862 0.24
-6.44305 13.9749 -64.3303 -2.26932 1.01491 -1.21862 0.08
-6.65013 14.7868 -63.9852 -2.68365 1.01491 -1.21862 0.34
-7.15543 15.5521 -63.6604 -3.07361 1.01491 -1.21862 0.32
-7.28569 15.6857 -63.5995 -3.14672 1.01491 -1.21862 0.06
-7.33033 15.7304 -63.6366 -3.17205 -1.85388 -1.26617 0.02
-7.45584 15.8764 -63.7478 -3.24802 -1.85388 -1.26617 0.06
-7.538 15.9758 -63.6754 -3.19996 1.81039 1.20156 0.04
-7.96795 16.3252 -63.3495 -2.98368 1.81039 1.20156 0.18
-8.4508 16.5052 -63.0237 -2.7674 1.81039 1.20156 0.18
-8.92712 16.5201 -62.6978 -2.55112 1.81039 1.20156 0.18
-9.34606 16.3929 -62.3719 -2.33484 1.81039 1.20156 0.18
-9.57459 16.2473 -62.1547 -2.19065 1.81039 1.20156 0.12
-9.67078 16.161 -62.0461 -2.11856 1.81039 1.20156 0.06
-9.94833 15.9512 -62.3317 -1.76062 -1.58709 1.98851 0.18
-10.2407 15.8451 -62.6492 -1.36292 -1.58709 1.98851 0.2
-10.3891 15.8316 -62.8396 -1.1243 -1.58709 1.98851 0.12
-10.4911 15.8402 -62.9983 -0.925451 -1.58709 1.98851 0.1
-10.6289 15.8845 -63.3157 -0.527749 -1.58709 1.98851 0.2
-10.6743 15.9143 -63.5379 -0.249358 -1.58709 1.98851 0.14
-10.6827 15.9222 -63.6481 -0.134384 -1.83597 1.91624 0.06
-10.6857 15.9257 -63.7582 -0.0194098 -1.83597 1.91624 0.06
-10.6803 15.9156 -63.9786 0.210538 -1.83597 1.91624 0.12
-10.6766 15.9078 -63.9399 0.00490652 0.482812 -2.5704 0.08
-10.803 16.0932 -63.7372 -1.07466 0.482812 -2.5704 0.42
-10.8626 16.1661 -63.6985 -1.28029 0.482812 -2.5704 0.08
-11.1803 16.6752 -63.9808 -1.58652 -0.672029 -0.729119 0.42
-11.3929 17.4898 -64.3034 -1.9365 -0.672029 -0.729119 0.48
-11.4066 17.8497 -64.4243 -2.06774 -0.672029 -0.729119 0.18
-11.4077 17.9339 -64.3548 -2.14689 1.73708 -1.97883 0.04
-11.4105 17.9772 -64.3201 -2.18647 1.73708 -1.97883 0.02
-11.3199 19.1061 -64.6258 -3.22736 -0.727782 -2.47831 0.42
-10.6901 20.6343 -64.946 -4.31782 -0.727782 -2.47831 0.44
-10.6446 20.7083 -64.9605 -4.36738 -0.727782 -2.47831 0.02
-10.4986 20.9312 -65.0042 -4.51608 -0.727782 -2.47831 0.06
-10.3361 21.1424 -65.1134 -4.37122 -1.81962 2.4144 0.06
-10.0313 21.4379 -65.2954 -4.12978 -1.81962 2.4144 0.1
-9.42199 21.7846 -65.6229 -3.69518 -1.81962 2.4144 0.18
-8.87564 21.8998 -65.914 -3.30888 -1.81962 2.4144 0.16
-8.81 21.9025 -65.9504 -3.26059 -1.81962 2.4144 0.02
-8.26975 21.8281 -66.2779 -2.826 -1.81962 2.4144 0.18
-7.85164 21.619 -66.6055 -2.39141 -1.81962 2.4144 0.18
-7.7118 21.5003 -66.751 -2.19825 -1.81962 2.4144 0.08
-7.57752 21.3421 -66.933 -1.95681 -1.81962 2.4144 0.1
-7.25216 20.9511 -66.7588 -1.439 0.580726 1.72603 0.3
-7.06351 20.7823 -66.6426 -1.0938 0.580726 1.72603 0.2
-7.02998 20.7564 -66.6194 -1.02476 0.580726 1.72603 0.04
-6.7687 20.6028 -66.2826 -0.0236584 0.580726 1.72603 0.58
-6.76173 20.5992 -66.5795 -0.0638781 -1.64945 -0.223443 0.18
-6.74959 20.5871 -66.9094 -0.108567 -1.64945 -0.223443 0.2
-6.73801 20.5637 -67.2393 -0.153255 -1.64945 -0.223443 0.2
-6.73672 20.56 -67.16 -0.0420044 1.98076 2.78127 0.04
-6.7365 20.5595 -67.1833 -0.0168189 -1.16116 1.25927 0.02
-6.73688 20.5607 -67.2529 0.0587374 -1.16116 1.25927 0.06
-6.74265 20.626 -67.5781 0.411333 -1.16116 1.25927 0.28
-6.70807 20.7862 -67.9032 0.763929 -1.16116 1.25927 0.28
-6.62598 20.9436 -68.1354 1.01578 -1.16116 1.25927 0.2
-6.60197 20.9776 -68.1819 1.06615 -1.16116 1.25927 0.04
-6.57518 21.0121 -68.2283 1.11653 -1.16116 1.25927 0.04
-6.5612 21.0293 -68.2225 1.10336 0.291367 -0.65816 0.02
-6.43579 21.1432 -68.5513 0.787367 -1.82672 -1.75553 0.18
-6.33249 21.1885 -68.8801 0.471371 -1.82672 -1.75553 0.18
-6.27659 21.194 -69.2089 0.155375 -1.82672 -1.75553 0.18
-6.27049 21.1932 -69.3185 0.0500431 -1.82672 -1.75553 0.06
-6.26881 21.1928 -69.3361 0.00700542 -0.293703 -0.717294 0.06
-6.26388 21.191 -69.553 0.0683736 -1.54915 0.438344 0.14
-6.2456 21.1781 -69.8629 0.156042 -1.54915 0.438344 0.2
-6.21892 21.1422 -70.2037 0.252478 -1.54915 0.438344 0.22
-6.1993 21.0794 -70.5445 0.348914 -1.54915 0.438344 0.22
-6.20081 21.0011 -70.8543 0.436583 -1.54915 0.438344 0.2
-6.21524 20.9476 -71.0402 0.489184 -1.54915 0.438344 0.12
-6.23666 20.9012 -71.1951 0.533019 -1.54915 0.438344 0.1
-6.30615 20.8147 -71.505 0.860095 -1.93703 2.04423 0.16
-6.38256 20.7564 -71.6987 1.06452 -1.93703 2.04423 0.1
-6.46388 20.7142 -71.8537 1.22806 -1.93703 2.04423 0.08
-6.6792 20.6611 -72.1636 1.55513 -1.93703 2.04423 0.16
-6.98947 20.6883 -72.5123 1.92309 -1.93703 2.04423 0.18
-7.06462 20.7111 -72.5898 2.00486 -1.93703 2.04423 0.04
-7.34132 20.7957 -72.5177 2.12958 0.514771 0.890845 0.14
-7.42453 20.8171 -72.4971 2.16522 0.514771 0.890845 0.04
-7.96091 20.9134 -72.3736 2.37902 0.514771 0.890845 0.24
-8.15479 20.9399 -72.4108 2.51348 -0.465499 1.68078 0.08
-8.73556 21.0616 -72.5132 2.88325 -0.465499 1.68078 0.22
-9.37834 21.2667 -72.6156 3.25303 -0.465499 1.68078 0.22
-9.87812 21.476 -72.6901 3.52195 -0.465499 1.68078 0.16
-10.2058 21.5954 -72.5215 3.46036 1.68604 -0.615871 0.1
-10.4751 21.6493 -72.3866 3.41109 1.68604 -0.615871 0.08
-10.8123 21.6649 -72.218 3.34951 1.68604 -0.615871 0.1
-10.9454 21.6552 -72.1506 3.32487 1.68604 -0.615871 0.04
-11.0113 21.6491 -72.1788 3.29252 -1.41246 -1.61768 0.02
-11.6919 21.7 -72.4896 2.93663 -1.41246 -1.61768 0.22
-12.2956 21.9542 -72.8286 2.54839 -1.41246 -1.61768 0.24
-12.685 22.298 -73.1393 2.1925 -1.41246 -1.61768 0.22
-12.7121 22.332 -73.1676 2.16014 -1.41246 -1.61768 0.02
-13.0077 22.8836 -73.4919 2.67493 -1.24757 1.97997 0.26
-13.1351 23.6319 -73.8163 3.18972 -1.24757 1.97997 0.26
-13.1333 23.7611 -73.8662 3.26892 -1.24757 1.97997 0.04
-12.9972 24.5135 -74.1407 3.70452 -1.24757 1.97997 0.22
-12.5246 25.4237 -74.465 4.21931 -1.24757 1.97997 0.26
-12.4733 25.4912 -74.49 4.25891 -1.24757 1.97997 0.02
-12.3179 25.6917 -74.4837 4.19483 0.10396 -1.0679 0.06
-11.9693 26.1512 -74.4692 4.04532 0.10396 -1.0679 0.14
-11.8257 26.3445 -74.4629 3.98125 0.10396 -1.0679 0.06
-11.3617 26.8213 -74.7314 4.36006 -1.6779 2.36756 0.16
-11.2196 26.9256 -74.7985 4.45476 -1.6779 2.36756 0.04
-11.0722 27.023 -74.8298 4.38054 -0.782208 -1.85547 0.04
-10.5543 27.3156 -74.9393 4.12078 -0.782208 -1.85547 0.14
-9.68232 27.6506 -75.1271 3.67546 -0.782208 -1.85547 0.24
-8.99817 27.7853 -75.2835 3.30437 -0.782208 -1.85547 0.2
-8.31727 27.8061 -75.4556 2.89617 -0.782208 -1.85547 0.22
-7.37325 27.6156 -75.7528 2.19109 -0.782208 -1.85547 0.38
-7.29293 27.5845 -75.7841 2.11687 -0.782208 -1.85547 0.04
-6.67264 27.2145 -76.1126 1.33757 -0.782208 -1.85547 0.42
-6.56601 27.1132 -76.2065 1.11492 -0.782208 -1.85547 0.12
-6.44789 26.9699 -76.3629 0.743824 -0.782208 -1.85547 0.2
-6.42319 26.9313 -76.4359 0.783677 -1.21678 0.664219 0.06
-6.33789 26.7024 -76.7766 0.969659 -1.21678 0.664219 0.28
-6.33221 26.5166 -77.1044 0.89747 -1.63896 -0.360944 0.2
-6.3824 26.3526 -77.4322 0.825281 -1.63896 -0.360944 0.2
-6.47429 26.2252 -77.76 0.753092 -1.63896 -0.360944 0.2
-6.51889 26.1865 -77.8911 0.724217 -1.63896 -0.360944 0.08
-6.59059 26.1424 -78.0878 0.680904 -1.63896 -0.360944 0.12
-6.71357 26.1055 -78.4156 0.608715 -1.63896 -0.360944 0.2
-6.72561 26.1042 -78.4484 0.601496 -1.63896 -0.360944 0.02
-6.86224 26.1117 -78.7212 0.923606 -1.51548 1.7895 0.18
-6.93946 26.1309 -78.8424 1.06677 -1.51548 1.7895 0.08
-7.04672 26.1738 -78.994 1.24572 -1.51548 1.7895 0.1
-7.13974 26.2233 -79.0637 1.38984 -0.872084 1.8016 0.08
-7.64067 26.6457 -79.3951 2.07445 -0.872084 1.8016 0.38
-7.69492 26.7104 -79.43 2.14652 -0.872084 1.8016 0.04
-8.11222 27.4289 -79.7265 2.75906 -0.872084 1.8016 0.34
-8.3273 28.242 -79.9707 3.26351 -0.872084 1.8016 0.28
-8.35941 28.5757 -80.0579 3.44367 -0.872084 1.8016 0.1
-8.50612 29.2789 -79.7564 3.76629 1.50737 1.61312 0.2
-8.93711 30.0273 -79.4248 4.12118 1.50737 1.61312 0.22
-9.35835 30.4428 -79.2138 4.34702 1.50737 1.61312 0.14
-9.64676 30.6458 -79.0932 4.47607 1.50737 1.61312 0.08
-10.4052 30.9812 -78.8219 4.76643 1.50737 1.61312 0.18
-10.5911 31.029 -78.7616 4.83095 1.50737 1.61312 0.04
-11.2891 31.305 -79.0739 4.58935 -1.95201 -1.51002 0.16
-11.4422 31.4038 -79.152 4.52895 -1.95201 -1.51002 0.04
-11.7797 31.6934 -79.3472 4.37794 -1.95201 -1.51002 0.1
-11.8388 31.7576 -79.3862 4.34774 -1.95201 -1.51002 0.02
-12.2021 32.3248 -79.6985 4.10614 -1.95201 -1.51002 0.16
-12.37 33.0156 -80.0499 3.83434 -1.95201 -1.51002 0.18
-12.3146 33.6048 -80.3622 3.59273 -1.95201 -1.51002 0.16
-12.0594 34.1688 -80.7136 3.32093 -1.95201 -1.51002 0.18
-12.0208 34.2225 -80.7526 3.29073 -1.95201 -1.51002 0.02
-11.7091 34.5394 -81.0259 3.07932 -1.95201 -1.51002 0.14
-11.2957 34.766 -81.3382 2.83772 -1.95201 -1.51002 0.16
-10.8189 34.8481 -81.6896 2.56592 -1.95201 -1.51002 0.18
-10.5248 34.8115 -81.9238 2.38471 -1.95201 -1.51002 0.12
-10.4344 34.7853 -82.0019 2.32431 -1.95201 -1.51002 0.04
-10.2676 34.7152 -82.1581 2.20351 -1.95201 -1.51002 0.08
-10.089 34.6 -82.3533 2.05251 -1.95201 -1.51002 0.1
-10.0577 34.5741 -82.3923 2.02231 -1.95201 -1.51002 0.02
-9.83431 34.3188 -82.6812 1.75948 -1.60508 -1.46013 0.18
-9.70466 34.0248 -83.0022 1.46746 -1.60508 -1.46013 0.2
-9.6796 33.7628 -83.3232 1.17543 -1.60508 -1.46013 0.2
-9.6843 33.7172 -83.3875 1.11702 -1.60508 -1.46013 0.04
-9.72513 33.5629 -83.6443 0.883403 -1.60508 -1.46013 0.16
-9.80856 33.4285 -83.9974 0.562174 -1.60508 -1.46013 0.22
-9.87281 33.3762 -84.3184 0.270147 -1.60508 -1.46013 0.2
-9.89569 33.3663 -84.6073 0.0073226 -1.60508 -1.46013 0.18
-9.89555 33.3663 -84.6394 -0.0218801 -1.60508 -1.46013 0.02
-9.99061 33.3282 -84.3471 0.755033 1.04396 2.77469 0.28
-10.0853 33.2712 -84.2218 1.088 1.04396 2.77469 0.12
-10.2915 33.093 -84.013 1.64293 1.04396 2.77469 0.2
-10.4775 32.8601 -83.846 2.08688 1.04396 2.77469 0.16
-10.5008 32.8248 -83.8251 2.14238 1.04396 2.77469 0.02
-10.6214 32.6074 -83.6909 2.00373 1.11851 -1.15536 0.12
-10.7705 32.0816 -83.3553 1.65713 1.11851 -1.15536 0.3
-10.7448 31.6393 -83.0198 1.31052 1.11851 -1.15536 0.3
-10.6745 31.4342 -82.8185 1.10255 1.11851 -1.15536 0.18
-10.6255 31.342 -82.7066 0.987014 1.11851 -1.15536 0.1
-10.499 31.1832 -82.4382 0.709727 1.11851 -1.15536 0.24
-10.4687 31.1563 -82.3711 0.640405 1.11851 -1.15536 0.06
-10.4218 31.1218 -82.2592 0.524869 1.11851 -1.15536 0.1
-10.3925 31.1005 -82.3533 0.683132 -1.56807 2.63773 0.06
-10.3071 31.0144 -82.5728 1.05241 -1.56807 2.63773 0.14
-10.267 30.9596 -82.6669 1.21068 -1.56807 2.63773 0.06
-10.2537 30.9388 -82.6983 1.26343 -1.56807 2.63773 0.02
-10.1835 30.8147 -82.7781 1.11364 -0.66563 -1.2483 0.12
-10.0729 30.5295 -83.0045 0.689216 -0.66563 -1.2483 0.34
-10.0491 30.3432 -83.3373 0.065067 -0.66563 -1.2483 0.5
-10.0492 30.3416 -83.3639 0.0151351 -0.66563 -1.2483 0.04
-10.0101 30.4601 -83.6701 -0.559082 -0.66563 -1.2483 0.46
-9.82384 30.7491 -83.9497 -1.08337 -0.66563 -1.2483 0.42
-9.77962 30.7997 -83.9896 -1.15826 -0.66563 -1.2483 0.06
-9.76376 30.817 -84.0029 -1.18323 -0.66563 -1.2483 0.02
-9.20011 31.2469 -84.3153 -1.91133 -0.67912 -1.58283 0.46
-8.90696 31.3893 -84.424 -2.16459 -0.67912 -1.58283 0.16
-8.86666 31.406 -84.4375 -2.19624 -0.67912 -1.58283 0.02
-8.38441 31.631 -84.3298 -1.60668 0.384615 2.10559 0.28
-8.35654 31.6461 -84.3222 -1.56457 0.384615 2.10559 0.02
-8.11886 31.7325 -84.6251 -1.60873 -1.89343 -0.276011 0.16
-7.82634 31.7403 -84.9659 -1.65841 -1.89343 -0.276011 0.18
-7.53958 31.6471 -85.3067 -1.70809 -1.89343 -0.276011 0.18
-7.3177 31.4833 -85.6097 -1.75225 -1.89343 -0.276011 0.16
-7.26998 31.4317 -85.6854 -1.76329 -1.89343 -0.276011 0.04
-7.13459 31.223 -85.9505 -1.80194 -1.89343 -0.276011 0.14
-7.04664 30.9078 -86.2913 -1.85162 -1.89343 -0.276011 0.18
-7.06144 30.6095 -86.5943 -1.89578 -1.89343 -0.276011 0.16
-7.18637 30.2889 -86.9351 -1.94546 -1.89343 -0.276011 0.18
-7.41708 30.0218 -87.2759 -1.99514 -1.89343 -0.276011 0.18
-7.61926 29.8909 -87.5031 -2.02826 -1.89343 -0.276011 0.12
-7.87588 29.7474 -87.4078 -2.17327 0.681098 -1.03575 0.14
-8.20796 29.5109 -87.2852 -2.3597 0.681098 -1.03575 0.18
-9.03236 28.576 -86.9582 -2.85686 0.681098 -1.03575 0.48
-9.12203 28.4278 -86.9174 -2.91901 0.681098 -1.03575 0.06
-9.38131 27.9376 -86.8447 -3.24333 0.404027 -1.80178 0.18
-10.0061 26.203 -86.6426 -4.14422 0.404027 -1.80178 0.5
-10.046 26.0406 -86.6265 -4.21629 0.404027 -1.80178 0.04
-10.0951 25.4045 -86.3095 -3.79215 1.98135 2.65089 0.16
-9.95964 24.8504 -85.9924 -3.36801 1.98135 2.65089 0.16
-9.93232 24.7894 -85.9528 -3.31499 1.98135 2.65089 0.02
-9.69411 24.4234 -85.6754 -2.94386 1.98135 2.65089 0.14
-9.31727 24.119 -85.3188 -2.4667 1.98135 2.65089 0.18
-9.10251 24.0286 -85.1206 -2.20162 1.98135 2.65089 0.1
-8.97887 23.9985 -85.0018 -2.04256 1.98135 2.65089 0.06
-8.68731 23.9908 -84.6848 -1.61842 1.98135 2.65089 0.16
-8.45174 24.0653 -84.3281 -1.14126 1.98135 2.65089 0.18
-8.3331 24.1538 -84.0111 -0.717119 1.98135 2.65089 0.16
-8.28616 24.2192 -83.6941 -0.292976 1.98135 2.65089 0.16
-8.28037 24.2342 -83.4959 -0.0278875 1.98135 2.65089 0.1
-8.28084 24.2311 -83.3771 0.131166 1.98135 2.65089 0.06
-8.27476 24.1651 -83.0204 0.608326 1.98135 2.65089 0.18
-8.22338 24.0449 -82.7034 1.03247 1.98135 2.65089 0.16
-8.21197 24.0271 -82.6638 1.08549 1.98135 2.65089 0.02
-8.06574 23.6892 -82.9973 1.75928 -1.28277 2.5915 0.26
-8.01921 23.3786 -83.2025 2.17392 -1.28277 2.5915 0.16
-8.02282 23.1484 -83.3308 2.43307 -1.28277 2.5915 0.1
-8.07466 22.8753 -83.5523 2.2091 -1.84606 -1.86636 0.12
-8.11955 22.7543 -83.6631 2.09712 -1.84606 -1.86636 0.06
-8.30672 22.4637 -83.9954 1.76118 -1.84606 -1.86636 0.18
-8.5058 22.3012 -84.2908 1.46256 -1.84606 -1.86636 0.16
-8.72179 22.2166 -84.6231 1.12661 -1.84606 -1.86636 0.18
-8.89339 22.2091 -84.9554 0.790669 -1.84606 -1.86636 0.18
-9.00052 22.2404 -85.2876 0.454724 -1.84606 -1.86636 0.18
-9.03846 22.265 -85.5461 0.193433 -1.84606 -1.86636 0.14
-9.04858 22.2748 -85.6309 0.275606 -1.41345 1.36955 0.06
-9.10048 22.3525 -85.9419 0.576907 -1.41345 1.36955 0.22
-9.14767 22.5231 -86.2811 0.905599 -1.41345 1.36955 0.24
-9.15069 22.6415 -86.4507 1.06994 -1.41345 1.36955 0.12
-9.13092 22.7781 -86.6203 1.23429 -1.41345 1.36955 0.12
-9.0162 23.0591 -86.9313 1.53559 -1.41345 1.36955 0.22
-8.9245 23.1905 -87.0726 1.67255 -1.41345 1.36955 0.1
-8.68527 23.4339 -87.261 2.1251 -1.04659 2.5142 0.18
-8.65219 23.4614 -87.2819 2.17539 -1.04659 2.5142 0.02
-8.25497 23.6912 -87.5926 2.43202 -1.55357 1.28317 0.2
-7.70261 23.802 -87.9344 2.71432 -1.55357 1.28317 0.22
-7.42537 23.7886 -88.0898 2.84264 -1.55357 1.28317 0.1
-7.06507 23.7118 -88.2641 2.42678 -1.24512 -2.97043 0.14
-6.8916 23.6488 -88.3637 2.18914 -1.24512 -2.97043 0.08
-6.58965 23.4815 -88.5878 1.65446 -1.24512 -2.97043 0.18
-6.45371 23.3681 -88.7373 1.29801 -1.24512 -2.97043 0.12
-6.37023 23.272 -88.9039 1.2508 -1.66661 -0.472147 0.1
-6.26235 23.0581 -89.2372 1.15637 -1.66661 -0.472147 0.2
-6.23564 22.9256 -89.4372 1.09971 -1.66661 -0.472147 0.12
-6.23288 22.8393 -89.5706 1.06194 -1.66661 -0.472147 0.08
-6.27287 22.6413 -89.9039 0.96751 -1.66661 -0.472147 0.2
-6.35474 22.497 -90.2039 0.882524 -1.66661 -0.472147 0.18
-6.47767 22.385 -90.5372 0.788094 -1.66661 -0.472147 0.2
-6.61318 22.3268 -90.8705 0.693665 -1.66661 -0.472147 0.2
-6.74153 22.3174 -91.2038 0.599236 -1.66661 -0.472147 0.2
-6.76492 22.3204 -91.2705 0.58035 -1.66661 -0.472147 0.04
-6.78704 22.3236 -91.2201 0.536911 1.26075 -1.08597 0.04
-6.88944 22.3204 -90.8923 0.254558 1.26075 -1.08597 0.26
-6.91767 22.3113 -90.6149 0.0156444 1.26075 -1.08597 0.22
-6.91746 22.3115 -90.5645 -0.0277945 1.26075 -1.08597 0.04
-6.91502 22.3127 -90.7926 -0.00244882 -1.26718 0.140809 0.18
-6.91513 22.3126 -90.8686 0.00599975 -1.26718 0.140809 0.06
-6.92142 22.3124 -91.1981 0.0426102 -1.26718 0.140809 0.26
-6.9366 22.3167 -91.5275 0.0792206 -1.26718 0.140809 0.26
-6.93846 22.3175 -91.5372 0.12407 -0.483386 2.24246 0.02
-7.14998 22.45 -91.7402 1.0659 -0.483386 2.24246 0.42
-7.41943 22.6775 -91.8659 1.64894 -0.483386 2.24246 0.26
-7.70527 22.9809 -91.9722 2.14228 -0.483386 2.24246 0.22
-8.38046 23.9973 -92.1946 3.17381 -0.483386 2.24246 0.46
-8.43908 24.112 -92.2139 3.26351 -0.483386 2.24246 0.04
-8.5894 24.5804 -92.525 2.91144 -1.94397 -2.20046 0.16
-8.58933 25.0163 -92.836 2.55936 -1.94397 -2.20046 0.16
-8.47321 25.378 -93.147 2.20729 -1.94397 -2.20046 0.16
-8.45266 25.4165 -93.1859 2.16328 -1.94397 -2.20046 0.02
-8.25854 25.6667 -93.497 1.8112 -1.94397 -2.20046 0.16
-8.0436 25.8141 -93.808 1.45913 -1.94397 -2.20046 0.16
-7.84775 25.8728 -94.119 1.10705 -1.94397 -2.20046 0.16
-7.82618 25.8752 -94.1579 1.06305 -1.94397 -2.20046 0.02
-7.58223 25.9377 -93.8518 1.46524 1.53075 2.01095 0.2
-7.27169 26.1376 -93.515 1.90765 1.53075 2.01095 0.22
-7.24343 26.1638 -93.4844 1.94787 1.53075 2.01095 0.02
-7.10702 26.3163 -93.3313 2.14896 1.53075 2.01095 0.1
-7.00751 26.4642 -93.2088 2.30984 1.53075 2.01095 0.08
-6.92097 26.6346 -93.0864 2.47071 1.53075 2.01095 0.08
-6.64385 27.3886 -92.9771 3.27026 0.390466 2.85552 0.28
-6.38107 28.466 -92.8599 4.12691 0.390466 2.85552 0.3
-6.32461 28.8005 -92.8287 4.35535 0.390466 2.85552 0.08
-6.18572 30.6548 -92.6803 5.44045 0.390466 2.85552 0.38
-6.19942 31.3281 -92.6334 5.78311 0.390466 2.85552 0.12
-6.23907 31.7805 -92.5452 5.57536 1.10347 -2.59694 0.08
-6.27292 31.9988 -92.501 5.47148 1.10347 -2.59694 0.04
-6.68664 33.2631 -92.2141 4.79627 1.10347 -2.59694 0.26
-7.06976 33.8882 -92.0376 4.38076 1.10347 -2.59694 0.16
-7.45502 34.3315 -91.8831 4.01719 1.10347 -2.59694 0.14
-8.27985 34.9298 -91.5741 3.29005 1.10347 -2.59694 0.28
-8.33843 34.9586 -91.552 3.23811 1.10347 -2.59694 0.02
-9.36146 35.5799 -91.7653 2.21268 -0.48473 -2.33051 0.44
-9.68766 35.8604 -91.872 1.69997 -0.48473 -2.33051 0.22
-9.93417 36.1268 -91.998 1.09404 -0.48473 -2.33051 0.26
-10.0783 36.3354 -92.2016 0.115227 -0.48473 -2.33051 0.42
-10.0796 36.3379 -92.221 0.0220063 -0.48473 -2.33051 0.04
-10.0085 36.1127 -92.4439 -1.05003 -0.48473 -2.33051 0.46
-9.97974 35.9729 -92.5021 -1.32969 -0.48473 -2.33051 0.12
-9.87224 35.6526 -92.2022 -1.27867 1.15363 0.196214 0.26
-9.66529 35.3718 -91.8792 -1.22373 1.15363 0.196214 0.28
-9.39245 35.18 -91.5561 -1.16879 1.15363 0.196214 0.28
-9.28542 35.1357 -91.4408 -1.14917 1.15363 0.196214 0.1
-9.22018 35.1091 -91.5451 -1.20036 -1.73905 -0.853082 0.06
-9.03104 34.9801 -91.8581 -1.35391 -1.73905 -0.853082 0.18
-8.87389 34.7774 -92.1712 -1.50747 -1.73905 -0.853082 0.18
-8.77154 34.4775 -92.519 -1.67808 -1.73905 -0.853082 0.2
-8.76308 34.2349 -92.7624 -1.79751 -1.73905 -0.853082 0.14
-8.76262 33.9202 -92.5935 -2.14138 1.05571 -2.14917 0.16
-8.75349 33.8333 -92.5513 -2.22735 1.05571 -2.14917 0.04
-8.74842 33.7893 -92.5733 -2.20159 -1.10005 1.28782 0.02
-8.76067 33.2996 -92.8373 -1.89252 -1.10005 1.28782 0.24
-8.91987 32.8177 -93.1673 -1.50617 -1.10005 1.28782 0.3
-9.15632 32.5049 -93.4973 -1.11983 -1.10005 1.28782 0.3
-9.17268 32.49 -93.5193 -1.09407 -1.10005 1.28782 0.02
-9.38522 32.3493 -93.8274 -0.733482 -1.10005 1.28782 0.28
-9.54054 32.3055 -94.1574 -0.347137 -1.10005 1.28782 0.3
-9.58715 32.3059 -94.4434 -0.0123052 -1.10005 1.28782 0.26
-9.58663 32.3057 -94.4874 0.0392074 -1.10005 1.28782 0.04
-9.58613 32.3056 -94.519 0.0124019 -1.57817 -1.34028 0.02
-9.6035 32.3143 -94.803 -0.228848 -1.57817 -1.34028 0.18
-9.66369 32.3706 -95.1502 -0.523708 -1.57817 -1.34028 0.22
-9.72648 32.4856 -95.4659 -0.791763 -1.57817 -1.34028 0.2
-9.76081 32.6667 -95.7815 -1.05982 -1.57817 -1.34028 0.2
-9.76126 32.6882 -95.8131 -1.08662 -1.57817 -1.34028 0.02
-9.72299 32.9283 -96.1287 -1.35468 -1.57817 -1.34028 0.2
-9.58799 33.1923 -96.4443 -1.62273 -1.57817 -1.34028 0.2
-9.3089 33.4611 -96.7915 -1.91759 -1.57817 -1.34028 0.22
-8.98013 33.6211 -97.0756 -2.15884 -1.57817 -1.34028 0.18
-8.9386 33.6339 -97.1072 -2.18565 -1.57817 -1.34028 0.02
-8.5554 33.6798 -97.4475 -1.69241 -1.70178 2.4662 0.2
-8.29719 33.6265 -97.7538 -1.24849 -1.70178 2.4662 0.18
-8.23271 33.5981 -97.8559 -1.10052 -1.70178 2.4662 0.06
-8.12418 33.5273 -98.0942 -0.755253 -1.70178 2.4662 0.14
-8.05715 33.4514 -98.4346 -0.262013 -1.70178 2.4662 0.2
