-1.5708 0 0 0
-1.44362 1.05769 5.02131 0.345
-1.37375 1.26459 5.02131 0.09
-1.04261 2.12441 7.86373 0.285
-0.771794 2.34724 7.86373 0.18
-0.701059 2.36612 7.89555 0.045
-0.349137 2.283 7.89555 0.225
-0.149813 2.13921 7.89555 0.135
-0.00462212 2.00781 7.89555 0.105
0.112418 1.89415 7.89555 0.09
0.189391 1.18574 -4.47661 0.075
0.239249 0.0621167 -4.47661 0.12
0.199353 -1.06066 -4.47661 0.12
0.175319 -1.34294 -4.47661 0.03
0.074527 -2.01804 -1.52637 0.09
0.0088914 -2.35781 -1.52637 0.045
-0.183875 -3.14794 -1.52637 0.105
-0.318656 -3.58892 -1.52637 0.06
-0.553022 -4.21363 -1.52637 0.09
-0.639239 -4.4065 -1.52637 0.03
-0.976542 -5.20293 -4.59789 0.105
-1.02907 -5.30168 -4.59789 0.015
-1.36652 -5.91603 -6.65321 0.09
-1.67191 -6.27461 -6.65321 0.075
-1.79845 -6.37562 -6.65321 0.03
-1.99145 -6.4817 -6.65321 0.045
-2.38312 -6.5429 -6.65321 0.09
-2.70885 -6.47123 -6.65321 0.075
-2.90187 -6.39342 -6.65321 0.045
-3.02914 -6.33344 -6.65321 0.03
-3.39 -5.69755 0.866124 0.09
-3.55633 -5.39369 0.866124 0.045
-3.71381 -5.10888 0.866124 0.045
-4.09591 -4.47823 0.866124 0.12
-4.22748 -4.29847 0.866124 0.045
-4.43639 -4.07378 0.866124 0.075
-4.75426 -3.91404 0.866124 0.12
-5.1093 -4.02651 0.866124 0.135
-5.23157 -4.13052 0.866124 0.045
-5.45409 -4.78491 -7.33829 0.075
-5.60408 -5.21915 -7.33829 0.045
-5.76753 -5.68216 -7.33829 0.045
-6.00778 -6.3366 -7.33829 0.06
-6.13789 -6.67508 -7.33829 0.03
-6.41859 -7.35972 -7.33829 0.06
-6.49303 -7.52972 -7.33829 0.015
-6.80112 -7.86717 0.699261 0.06
-7.12159 -8.14369 0.699261 0.06
-7.45135 -8.32589 0.699261 0.06
-7.78607 -8.38904 0.699261 0.06
-8.12073 -8.32222 0.699261 0.06
-8.53116 -8.06535 0.699261 0.075
-8.76978 -7.83436 0.699261 0.045
-8.84784 -7.77661 -2.23055 0.015
-9.15373 -7.50943 -2.23055 0.06
-9.5199 -7.13501 -2.23055 0.075
-9.86749 -6.77624 -2.23055 0.075
-10.1336 -6.53746 -2.23055 0.06
-10.1985 -6.4451 2.00172 0.015
-10.5707 -5.99037 2.00172 0.09
