-1.5708 0 0 0
-1.73939 0.366696 -1.22379 1.46746
-1.12446 1.05251 2.12805 0.628912
-1.63734 -1.63183 0.315433 0.83855
-1.81755 1.59642 -1.21124 1.04819
-1.65501 -1.89001 1.53436 1.46746
-0.574318 0.00427974 2.46119 1.46746
-0.670143 1.25969 -0.311286 2.09637
-1.64424 -3.68926 -2.38307 0.628912
-0.0930777 -1.4774 2.03577 1.88674
-1.22459 4.48792 -0.586094 1.88674
-0.552162 -3.62754 0.879128 1.04819
-1.46241 -5.22976 -2.7343 0.209637
-1.07632 5.03104 0.253647 1.46746
-1.77629 -5.57863 -2.76621 1.04819
-2.25515 5.16971 0.407433 1.25782
-1.18486 -5.38053 -0.350612 1.46746
-2.9463 3.33596 0.979868 1.04819
1.04284 1.57317 1.51689 1.04819
1.48707 0.303602 0.247682 0.628912
1.58277 0.104101 -0.0732596 0.628912
1.59979 -0.0081451 -0.517308 0.419275
