-1.5708 0 0 0
-1.3073 0.0108101 1.28523 1.04819
-1.32987 -0.229394 1.28523 0.209637
-1.39804 -0.0666251 2.36769 0.419275
-1.25687 0.0782569 2.36769 1.04819
-1.255 -0.0601324 2.36769 0.209637
-1.33286 -0.693896 -0.387914 0.209637
-1.5152 -1.07023 -0.387914 0.209637
-1.73359 -1.04198 -0.387914 0.209637
-1.8978 -0.547712 0.0167314 0.209637
-1.93929 0.145586 0.0167314 0.209637
-1.84308 0.786562 0.0167314 0.209637
-1.64417 1.13813 0.0167314 0.209637
-1.41688 1.06009 0.0167314 0.209637
-1.2893 0.17478 -2.16727 0.209637
-1.35131 -0.775136 -2.16727 0.209637
-1.57987 -1.43576 -2.16727 0.209637
-2.16396 -1.11463 -2.16727 0.419275
-2.31075 -0.315589 -2.16727 0.209637
-2.18787 1.51346 2.76163 0.209637
-1.73805 2.84951 2.76163 0.209637
-1.11935 3.13769 2.76163 0.209637
-0.554504 2.37504 2.76163 0.209637
-0.203003 1.09888 2.76163 0.209637
-0.121839 -0.291173 2.76163 0.209637
-0.392777 -2.39748 -0.992957 0.209637
-1.05401 -4.07545 -0.992957 0.209637
-1.93305 -4.43213 -0.992957 0.209637
-2.72371 -3.29083 -0.992957 0.209637
-3.19634 -1.41052 -0.207207 0.209637
-3.28783 0.492047 -0.207207 0.209637
-2.99837 2.40447 -0.207207 0.209637
-2.34828 4.00433 -0.714712 0.209637
-1.43164 4.88253 1.28564 0.209637
-0.513978 4.05147 1.28564 0.209637
0.1354 2.40617 1.28564 0.209637
0.475374 1.02828 2.3513 0.209637
0.485673 -0.923674 -1.21325 0.209637
0.0958656 -3.01326 -1.21325 0.209637
-0.722064 -5.09018 -1.21325 0.209637
-1.85322 -5.87621 -1.21325 0.209637
-2.93637 -4.72374 -1.21325 0.209637
-3.71336 -3.0958 -1.21325 0.209637
-4.16097 -1.48536 1.43277 0.209637
-4.34013 -0.358651 1.43277 0.209637
-4.31321 0.635967 1.43277 0.209637
-4.07037 1.86127 1.43277 0.209637
-3.53075 3.64418 1.43277 0.209637
-2.56626 5.97941 2.25703 0.209637
-1.22429 7.04198 2.25703 0.209637
0.0378207 5.36256 -0.648395 0.209637
0.918047 3.57364 -0.648395 0.209637
1.57227 3.16819 0.993524 0.209637
2.26802 3.99982 0.993524 0.209637
3.18288 5.27036 -2.22603 0.209637
4.36539 6.33663 -2.22603 0.209637
5.57525 5.39204 -2.22603 0.209637
6.43139 3.09953 -2.22603 0.209637
6.82764 0.909284 -1.91201 0.209637
6.80621 -1.12728 -1.91201 0.209637
6.36356 -3.34489 -1.91201 0.209637
5.46721 -5.52108 -1.91201 0.209637
4.24056 -6.36129 -2.77115 0.209637
3.05829 -5.28298 -2.77115 0.209637
2.23471 -3.08338 2.78209 0.209637
1.75857 -1.81891 2.49526 0.209637
1.4601 -1.26257 2.49526 0.209637
0.944872 -1.61934 2.49526 0.419275
0.534398 -2.57603 2.30699 0.209637
-0.11758 -3.99027 2.30699 0.209637
-1.04567 -5.1298 2.30699 0.209637
-2.05997 -4.68801 2.30699 0.209637
-2.81678 -2.72544 2.30699 0.209637
-3.12348 -0.326876 2.30699 0.209637
-2.94675 2.08936 2.30699 0.209637
-2.30185 4.26015 2.30699 0.209637
-1.32507 5.20384 2.30699 0.209637
-0.356958 4.24783 1.62121 0.209637
0.332642 2.64907 1.62121 0.209637
0.740817 1.50171 2.53839 0.209637
0.959212 0.735923 2.53839 0.209637
1.05682 0.267049 2.82294 0.209637
1.02603 -0.583618 0.580491 0.209637
0.810334 -1.62946 0.580491 0.209637
0.344249 -3.11568 0.580491 0.209637
-0.45917 -4.90836 0.580491 0.209637
-1.56039 -5.80833 0.580491 0.209637
-2.64254 -4.71715 0.580491 0.209637
-3.38606 -2.69248 0.580491 0.209637
-3.73232 -0.817685 0.580491 0.209637
-3.69897 1.15726 1.81754 0.209637
-3.25492 3.3336 1.81754 0.209637
-2.36163 5.5115 1.81754 0.209637
-1.14914 6.23601 1.81754 0.209637
-0.00386369 5.02247 1.81754 0.209637
0.777554 2.89135 -1.93581 0.209637
1.20253 1.47451 -1.93581 0.209637
1.40437 0.607187 -1.88558 0.209637
1.46891 0.0590251 -1.5172 0.209637
