-1.5708 0 0 0
-1.68247 -0.59371 -2.12541 0.51
-1.94234 -0.369988 -1.92579 0.675
-1.7679 1.10689 0.371028 0.615
-1.65561 1.372 1.54891 0.135
-1.24056 1.77894 2.73686 0.375
-0.939065 0.252562 -0.621023 0.42
-1.55613 -2.5665 -2.21916 0.675
-2.27185 -2.23806 -2.12859 0.42
-2.7011 -0.403256 -2.07448 0.465
-2.14034 2.41659 -2.21127 0.735
-0.559819 2.99023 2.91222 0.72
0.0251361 -0.142541 1.70169 0.6
-1.36097 -5.22545 -2.74229 0.705
-2.73277 -4.42079 -1.32241 0.405
-3.78232 -0.496967 -0.110306 0.66
-2.82904 4.83725 2.82748 0.69
-2.63041 5.08908 -2.68241 0.06
-1.64074 6.3281 2.10792 0.255
0.536059 4.53503 2.3233 0.57
1.52647 2.69006 -1.89333 0.435
1.6841 2.57967 -2.18305 0.09
2.77423 4.48324 0.45734 0.495
4.02419 6.78063 1.47071 0.33
6.86104 5.5691 1.92277 0.63
8.15928 4.91213 0.427452 0.39
8.35767 5.01939 -1.16972 0.06
8.99555 5.69639 -1.38227 0.18
10.2032 7.66882 1.82997 0.27
12.5184 6.31 -1.3302 0.465
14.5571 4.44555 -0.293502 0.63
