-1.5708 0 0 0
-1.36292 0.900441 2.96613 0.6
-1.32624 0.931117 2.96613 0.06
-1.23782 0.0263336 -2.10594 0.27
-1.24895 -0.343321 -2.10594 0.105
-1.25618 -0.37899 1.28647 0.03
-1.35023 -1.04859 -2.48912 0.195
-1.68877 -1.76744 -2.48912 0.345
-1.90548 -1.80289 -2.48912 0.18
-2.02288 -1.53913 -0.00402003 0.105
-2.06707 -1.40479 -0.00402003 0.045
-2.1684 -1.1171 -1.51967 0.12
-2.2867 -0.437264 -1.51967 0.225
-2.29795 -0.0120139 2.01219 0.075
-2.22812 1.07489 2.01219 0.195
-2.19231 1.31101 2.01219 0.045
-2.17896 1.35836 -0.923572 0.015
-2.04867 1.88424 1.47864 0.12
-1.94733 2.16183 1.47864 0.075
-1.70441 2.6583 2.4562 0.15
-1.36607 2.9144 2.4562 0.18
-1.19137 2.89244 2.4562 0.09
-1.02905 2.50383 -2.10429 0.09
-0.934845 2.20147 -2.10429 0.06
-0.681992 1.36907 0.879981 0.21
-0.643987 1.16343 0.879981 0.045
-0.550678 0.0679608 0.879981 0.225
-0.550815 -0.0816539 0.879981 0.03
-0.602989 -1.07363 -2.76096 0.135
-0.670079 -1.60669 -2.76096 0.075
-0.763249 -2.11512 -2.76096 0.075
-0.991476 -2.93086 -2.76096 0.135
-1.11495 -3.23567 -2.76096 0.06
-1.32075 -3.60545 -2.76096 0.09
-1.65704 -3.81841 -1.5519 0.135
-1.99908 -3.734 -1.5519 0.135
-2.35469 -3.33059 -1.5519 0.15
-2.70582 -2.48227 -0.970068 0.18
-2.77668 -2.24034 -0.970068 0.045
-2.99656 -1.1311 -0.970068 0.195
-3.04866 -0.604754 -0.970068 0.09
-3.06909 -0.0762542 -0.970068 0.09
-3.05502 0.545396 0.579568 0.09
-3.01482 1.06216 0.579568 0.075
-2.83609 2.18081 0.579568 0.165
-2.71478 2.66785 0.579568 0.075
-2.56797 3.19896 2.01142 0.075
-2.3956 3.68721 2.01142 0.075
-2.07428 4.31274 1.76638 0.12
-2.03083 4.37586 1.76638 0.015
-1.71185 4.70319 1.76638 0.105
-1.37757 4.80944 1.76638 0.105
-1.04378 4.69178 1.76638 0.105
-0.725243 4.38117 1.76638 0.105
-0.681715 4.32402 1.76638 0.015
-0.356494 3.78553 1.76638 0.12
-0.282285 3.63461 1.76638 0.03
-0.14318 3.31872 1.68605 0.06
-0.0168883 2.99524 1.68605 0.06
0.242255 2.19255 1.68605 0.15
0.284546 2.03687 1.68605 0.03
0.322911 1.8 -2.4842 0.03
0.409888 1.10233 -2.4842 0.09
0.463015 0.0815953 -2.4842 0.135
0.433453 -0.822323 -2.4842 0.12
0.395609 -1.07089 2.76123 0.06
0.360633 -1.2615 2.76123 0.045
0.347456 -1.37403 -2.05272 0.015
0.24382 -2.08347 -2.45399 0.09
0.00728832 -3.1773 -2.45399 0.135
-0.328038 -4.26677 -2.45399 0.135
-0.654485 -5.04281 -2.45399 0.105
-0.864038 -5.42542 -2.45399 0.06
-0.974256 -5.59348 -2.45399 0.03
-1.3159 -5.76436 1.19115 0.09
-1.66207 -5.74068 1.19115 0.09
-2.00078 -5.51763 1.19115 0.09
-2.37145 -5.03858 1.19115 0.105
-2.70225 -4.39139 1.19115 0.105
-3.02012 -3.54391 1.19115 0.12
-3.0888 -3.32466 1.19115 0.03
-3.37625 -2.4287 -0.76928 0.15
-3.42288 -2.23493 0.204658 0.03
-3.62356 -1.12463 0.204658 0.18
-3.69564 -0.0836611 0.204658 0.18
-3.6961 -0.00962214 -0.937046 0.015
-3.62432 1.04328 -0.937046 0.21
-3.46387 2.17622 2.34973 0.15
-3.39331 2.52884 2.34973 0.045
-3.22005 3.24935 2.34973 0.09
-3.08035 3.73539 2.34973 0.06
-2.87849 4.33632 2.34973 0.075
-2.74314 4.68503 2.34973 0.045
-2.38855 5.42409 2.34973 0.105
-2.04745 5.91942 2.34973 0.09
-1.74404 6.19343 2.34973 0.075
-1.37642 6.02456 -2.70328 0.09
-1.02524 5.6496 -2.70328 0.09
-0.913867 5.48456 -2.70328 0.03
-0.700096 5.19387 -0.487987 0.06
-0.357726 4.56848 -0.487987 0.105
-0.312528 4.47096 -0.487987 0.015
-0.268196 4.39521 1.82391 0.015
-0.0185338 3.9234 1.82391 0.09
0.132023 3.60498 1.82391 0.06
0.201621 3.35522 -2.81687 0.03
0.325966 2.86413 -2.81687 0.06
0.454229 2.27042 -2.81687 0.075
0.624668 1.15279 -2.81687 0.15
0.67465 0.516262 -2.81687 0.09
0.686946 0.09901 -2.81687 0.06
0.687661 0.044105 2.09195 0.015
0.68042 -0.285943 2.09195 0.09
0.628612 -1.0134 -1.34039 0.12
0.438199 -2.17933 -1.34039 0.18
0.342751 -2.59546 -1.34039 0.06
0.198736 -3.1683 -2.01847 0.075
0.0256711 -3.75589 -2.01847 0.075
-0.176588 -4.33324 -1.77981 0.075
-0.311691 -4.67205 -1.77981 0.045
-0.664917 -5.40129 -1.77981 0.105
-1.00477 -5.9024 -1.77981 0.09
-1.30761 -6.18876 -1.77981 0.075
-1.68457 -6.33966 -1.77981 0.09
-2.00111 -6.29732 -1.77981 0.075
-2.31197 -6.11593 -1.77981 0.075
-2.49308 -5.95203 -1.77981 0.045
-2.66843 -5.73343 -1.013 0.045
-2.83686 -5.49176 -1.013 0.045
-3.04971 -5.14821 -1.013 0.06
-3.34633 -4.74066 -2.96496 0.09
-3.57531 -4.42441 -2.96496 0.075
-3.70545 -4.25516 -2.96496 0.045
-4.03091 -3.90955 -2.96496 0.12
-4.14689 -3.82681 -2.96496 0.045
-4.39814 -3.37772 2.27245 0.105
-4.43165 -3.32624 2.27245 0.015
-4.46467 -3.2779 2.27245 0.015
-4.7179 -3.08569 1.23321 0.12
-5.05684 -3.1365 1.23321 0.165
-5.21686 -3.27637 1.23321 0.075
-5.42076 -3.53663 1.23321 0.09
-5.72233 -4.02837 1.23321 0.12
-5.88934 -4.32699 1.23321 0.06
-5.97712 -4.4525 2.93637 0.03
-6.06864 -4.70052 -2.92614 0.03
-6.37344 -5.46114 -2.92614 0.09
-6.42868 -5.58781 -2.92614 0.015
-6.72108 -6.10134 -0.902526 0.075
-7.03776 -6.55116 -0.902526 0.075
-7.10366 -6.62939 -0.902526 0.015
-7.44354 -6.94272 -0.902526 0.075
-7.72442 -7.08332 -0.902526 0.06
-8.07985 -7.10501 -0.902526 0.075
-8.43211 -6.95894 -0.902526 0.075
-8.77338 -6.67135 -0.902526 0.075
-8.83974 -6.60045 -0.902526 0.015
-9.09686 -6.24806 0.023248 0.06
-9.45448 -5.66744 0.023248 0.09
-9.51066 -5.56929 0.023248 0.015
-9.77705 -5.09098 0.023248 0.075
