-40 -40 0 0 0 0 0
-40.2075 -39.6049 3.02423 0.761773 1.98962 0.501166 1.52992
-40.1816 -40.7742 6.04845 1.52355 1.98962 0.501166 1.52992
-40.7066 -41.4231 12.0969 3.04709 1.98962 0.501166 3.05984
-39.172 -38.3358 15.1211 3.80886 1.98962 0.501166 1.52992
-39.1955 -35.0923 12.801 1.50075 -1.52638 -1.5185 1.52992
-38.4726 -35.0693 10.4809 -0.807364 -1.52638 -1.5185 1.52992
-36.1904 -35.9018 8.16084 -3.11548 -1.52638 -1.5185 1.52992
-37.5366 -37.4947 5.39986 -0.478601 -1.81643 1.73479 1.52992
-38.6998 -37.709 2.63888 2.15827 -1.81643 1.73479 1.52992
-36.8232 -34.3649 -0.122099 4.79515 -1.81643 1.73479 1.52992
-32.0187 -33.1144 0.757137 1.93916 0.578444 -1.87894 1.52992
-31.4534 -32.5282 1.63637 -0.916833 0.578444 -1.87894 1.52992
-29.5105 -35.3966 2.51561 -3.77282 0.578444 -1.87894 1.52992
-21.9321 -36.5081 3.39484 -6.62882 0.578444 -1.87894 1.52992
-13.0094 -28.6953 4.27408 -9.48481 0.578444 -1.87894 1.52992
-4.69274 -30.0455 1.46144 -6.21882 -1.85042 2.14867 1.52992
-11.6407 -29.96 -1.41617 -7.04321 -1.89316 -0.542357 1.52992
-14.1658 -22.8096 -0.989166 -3.00668 0.280926 2.65561 1.52992
-15.0781 -21.6105 -0.562158 1.02985 0.280926 2.65561 1.52992
-13.7983 -20.1999 1.9007 2.19857 1.6203 0.768892 1.52992
-14.0201 -19.0793 4.47987 -1.90363 1.69683 -2.69882 1.52992
-17.7981 -16.5114 6.54914 -5.22386 1.36136 -2.18436 1.52992
-22.1477 -10.5972 4.25974 -6.89921 -1.50619 -1.1022 1.52992
-12.8074 -11.2705 1.97033 -8.57456 -1.50619 -1.1022 1.52992
-7.08673 -20.2115 2.3367 -5.46904 0.24103 2.0431 1.52992
-2.91433 -26.4013 1.97824 -4.40552 -0.235829 0.699684 1.52992
-7.69016 -31.1895 -0.244189 -6.5917 -1.46212 -1.43828 1.52992
-9.17358 -21.8701 -2.46662 -8.77788 -1.46212 -1.43828 1.52992
0.739294 -21.6007 -3.87829 -5.39619 -0.928734 2.2248 1.52992
-2.74768 -29.2117 -6.21326 -8.52135 -1.53617 -2.05603 1.52992
-15.022 -26.815 -6.74297 -8.128 -0.348492 0.258782 1.52992
-23.9607 -18.9364 -7.27268 -7.73465 -0.348492 0.258782 1.52992
-22.9669 -6.86106 -8.55772 -9.35614 -0.845418 -1.06677 1.52992
-18.6287 3.87332 -7.87118 -6.17688 0.451668 2.09162 1.52992
-20.5598 10.4371 -7.18464 -2.99762 0.451668 2.09162 1.52992
-22.1949 11.7803 -6.49811 0.181645 0.451668 2.09162 1.52992
-19.6118 12.3891 -5.81157 3.36091 0.451668 2.09162 1.52992
-14.7497 17.945 -5.12504 6.54017 0.451668 2.09162 1.52992
-8.88067 16.7598 -8.00502 4.86336 -1.89473 -1.10316 1.52992
-13.1021 16.3512 -10.885 3.18656 -1.89473 -1.10316 1.52992
-10.8339 17.4182 -13.765 1.50975 -1.89473 -1.10316 1.52992
-11.2115 16.6468 -16.645 -0.167052 -1.89473 -1.10316 1.52992
-12.3127 16.2749 -19.525 -1.84386 -1.89473 -1.10316 1.52992
-10.436 18.42 -22.405 -3.52066 -1.89473 -1.10316 1.52992
-12.1841 14.1774 -25.2849 -5.19747 -1.89473 -1.10316 1.52992
-11.5551 20.4822 -28.1649 -6.87427 -1.89473 -1.10316 1.52992
-2.06884 17.7032 -28.9616 -6.48255 -0.52409 0.257711 1.52992
3.0713 12.2389 -29.2487 -3.42138 -0.18888 2.01393 1.52992
6.96414 15.497 -26.2631 -6.42117 1.96417 -1.97354 1.52992
11.2899 25.5329 -27.8495 -9.56114 -1.04366 -2.06577 1.52992
22.5836 27.7067 -28.3618 -5.73491 -0.337034 2.51726 1.52992
28.0766 26.0033 -28.8741 -1.90868 -0.337034 2.51726 1.52992
28.2585 26.1701 -29.3864 1.91755 -0.337034 2.51726 1.52992
29.4935 27.3146 -32.1942 1.2133 -1.84725 -0.46332 1.52992
29.1332 26.4443 -35.002 0.509052 -1.84725 -0.46332 1.52992
28.9825 26.6615 -37.8098 -0.195196 -1.84725 -0.46332 1.52992
