-40 -40 0 0 0 0 0
-32.7427 -30.5548 1.36862 8.25721 0.450203 2.71619 3.05984
-34.5657 -27.4447 20.8062 6.14701 1.27879 -0.138829 15.2992
-25.5444 -7.0325 19.3232 9.94262 -0.487822 1.24856 3.05984
-7.81721 -21.0475 10.8216 7.69358 -0.699145 -0.184954 12.2394
3.68964 -26.0585 13.7972 4.48817 0.978815 -1.05441 3.05984
2.94318 -21.1789 17.3587 -2.84376 1.17154 -2.41182 3.05984
4.20704 -20.2044 26.6727 4.42392 1.22553 0.956273 7.64961
-2.33275 -15.5604 28.4716 7.65632 1.18347 2.12658 1.52992
4.81963 -21.0815 36.0069 -9.37576 1.23936 -2.80133 6.11969
28.6214 -17.303 33.1555 -5.71811 -0.62531 0.802117 4.58976
29.9319 -16.4635 45.6129 -4.5809 0.819564 0.0748164 15.2992
34.3351 -16.5388 51.3054 0.487283 1.24838 1.11144 4.58976
24.5669 3.50555 52.8097 9.99028 0.329871 2.08399 4.58976
18.8188 -2.96624 71.1088 -2.99947 1.50487 -1.06824 12.2394
21.1554 -1.26896 77.9418 1.88955 1.49845 1.07215 4.58976
23.5284 1.76406 75.1523 5.07968 -1.83518 2.09877 1.52992
30.5191 1.4686 75.8263 -0.42972 0.221709 -1.8123 3.05984
31.6236 3.23113 76.6377 3.19894 0.533788 2.38728 1.52992
32.6112 11.3729 77.0082 7.65094 0.243764 2.92895 1.52992
